   1.5000000e-01   9.8882682e-01   1.3232213e-04   2.0785932e-03
   2.0000000e-01   9.9870354e-01   1.8126319e-06   1.7047189e-03
   2.5000000e-01   9.1442224e-01   5.5285272e-05   2.3953216e-03
   3.0000000e-01   9.9569522e-01   1.5407371e-05   1.4637256e-03
   3.5000000e-01   9.9697232e-01   2.9908426e-05   1.5452538e-03
   4.0000000e-01   9.7477555e-01   2.2657898e-05   1.7348655e-03
   1.5000000e-01   9.9827288e-01   6.3442115e-05   1.9614442e-03
   2.0000000e-01   9.9783550e-01   2.7189478e-05   1.8019513e-03
   2.5000000e-01   9.8006068e-01   3.8518427e-04   2.0089816e-03
   3.0000000e-01   9.9529311e-01   9.9694753e-06   1.6139314e-03
   3.5000000e-01   9.9741156e-01   0.0000000e+00   1.5366573e-03
   4.0000000e-01   9.8306557e-01   5.7097904e-05   2.1252170e-03
   1.5000000e-01   9.9741824e-01   1.7220003e-05   2.3964195e-03
   2.0000000e-01   9.9742379e-01   4.5315797e-06   1.5654852e-03
   2.5000000e-01   9.8967742e-01   1.6313687e-05   1.4667147e-03
   3.0000000e-01   9.9045139e-01   2.2657898e-05   1.5943533e-03
   3.5000000e-01   9.9871410e-01   1.8126319e-06   1.6789418e-03
   4.0000000e-01   9.8633063e-01   8.7912646e-05   1.7814907e-03
   1.5000000e-01   9.9653380e-01   3.7158953e-05   1.7885779e-03
   2.0000000e-01   9.9217731e-01   1.3594739e-05   1.7608062e-03
   2.5000000e-01   9.4282029e-01   1.2597791e-04   2.3518776e-03
   3.0000000e-01   9.9614726e-01   4.8034745e-05   1.4928230e-03
   3.5000000e-01   9.9740597e-01   0.0000000e+00   1.6163032e-03
   4.0000000e-01   9.7025862e-01   6.0723168e-05   1.8357907e-03
   1.5000000e-01   9.8785249e-01   2.8277057e-04   1.8697377e-03
   2.0000000e-01   9.9825251e-01   1.4501055e-05   1.8872343e-03
   2.5000000e-01   9.8955159e-01   7.0692643e-05   2.0690034e-03
   3.0000000e-01   9.8962835e-01   5.4378956e-06   1.4805200e-03
   3.5000000e-01   9.9872449e-01   0.0000000e+00   1.3932265e-03
   4.0000000e-01   9.8962387e-01   9.9694753e-05   1.9247745e-03
   1.5000000e-01   9.8753224e-01   1.1782107e-05   1.8669650e-03
   2.0000000e-01   9.9698536e-01   2.2657898e-05   1.7390216e-03
   2.5000000e-01   9.8998694e-01   3.4440006e-05   1.8931763e-03
   3.0000000e-01   9.9653680e-01   2.9002110e-05   1.6978302e-03
   3.5000000e-01   9.9826690e-01   9.0631593e-07   1.6194839e-03
   4.0000000e-01   9.9181034e-01   5.8910536e-05   2.2121207e-03
   1.5000000e-01   9.9358426e-01   2.7189478e-05   1.6816859e-03
   2.0000000e-01   9.9828105e-01   7.2505275e-06   1.5009774e-03
   2.5000000e-01   9.9225806e-01   3.0814742e-05   1.8214963e-03
   3.0000000e-01   9.9436986e-01   5.4378956e-06   1.6652465e-03
   3.5000000e-01   9.9695520e-01   6.3442115e-06   1.5085035e-03
   4.0000000e-01   9.7256751e-01   1.6948108e-04   1.6762423e-03
   1.5000000e-01   9.9219089e-01   9.9694753e-06   1.9256311e-03
   2.0000000e-01   9.9739470e-01   9.0631593e-07   1.6218062e-03
   2.5000000e-01   9.8923805e-01   5.2566324e-05   1.6211728e-03
   3.0000000e-01   9.9523397e-01   4.7128429e-05   1.5571475e-03
   3.5000000e-01   9.9698276e-01   1.8126319e-06   1.5582045e-03
   4.0000000e-01   9.9302832e-01   1.0785160e-04   1.8936764e-03
   1.5000000e-01   9.9184549e-01   1.9938951e-05   1.8998007e-03
   2.0000000e-01   9.9437473e-01   9.0631593e-06   1.6052835e-03
   2.5000000e-01   9.8624248e-01   2.9002110e-05   1.9891953e-03
   3.0000000e-01   9.9571000e-01   1.9938951e-05   1.4798945e-03
   3.5000000e-01   9.9694989e-01   7.2505275e-06   1.7655613e-03
   4.0000000e-01   9.8797251e-01   7.0692643e-05   1.7572634e-03
   1.5000000e-01   9.9308855e-01   8.4287382e-05   1.9533920e-03
   2.0000000e-01   9.9957192e-01   8.1568434e-06   1.7421278e-03
   2.5000000e-01   9.9696312e-01   1.1782107e-05   1.6576931e-03
   3.0000000e-01   9.9572832e-01   8.1568434e-06   1.4881656e-03
   1.5000000e-01   9.8418803e-01   1.9213898e-04   1.9946273e-03
   2.0000000e-01   9.9141999e-01   2.8095794e-05   1.7479239e-03
   2.5000000e-01   9.9231098e-01   6.1629484e-05   1.6960281e-03
   3.0000000e-01   9.9610390e-01   1.8126319e-06   1.3743095e-03
   3.5000000e-01   9.9615056e-01   3.6252637e-06   1.4027082e-03
   4.0000000e-01   9.9006050e-01   8.7912646e-05   1.8604397e-03
   1.5000000e-01   9.9656947e-01   6.4348431e-05   2.0742191e-03
   2.0000000e-01   9.9913867e-01   4.5315797e-06   1.3906722e-03
   2.5000000e-01   9.8319690e-01   3.6524532e-04   1.7412294e-03
   3.0000000e-01   9.9785500e-01   2.5376846e-05   1.4020335e-03
   3.5000000e-01   9.9442778e-01   6.3442115e-06   1.4864018e-03
   4.0000000e-01   9.8239588e-01   1.3322844e-04   1.7977348e-03
   1.5000000e-01   9.9394987e-01   1.5407371e-05   1.7345066e-03
   2.0000000e-01   1.0000000e+00   2.2657898e-05   1.6737694e-03
   2.5000000e-01   9.9439414e-01   5.8910536e-05   1.6150720e-03
   3.0000000e-01   9.8874459e-01   5.7097904e-05   1.5624074e-03
   3.5000000e-01   9.9564080e-01   9.0631593e-07   1.5151983e-03
   4.0000000e-01   9.8105898e-01   6.0723168e-05   1.9155055e-03
   1.5000000e-01   9.9304348e-01   7.5224223e-05   1.7990007e-03
   2.0000000e-01   9.9441341e-01   9.0631593e-07   1.7138210e-03
   2.5000000e-01   9.9093656e-01   3.9877901e-05   1.6354564e-03
   3.0000000e-01   9.9348393e-01   6.5254747e-05   1.7252651e-03
   3.5000000e-01   9.9784111e-01   1.8126319e-06   1.4845669e-03
   4.0000000e-01   9.9438445e-01   3.2627374e-05   1.9513455e-03
   1.5000000e-01   9.9144202e-01   1.1057054e-04   1.8802374e-03
   2.0000000e-01   9.9175347e-01   3.6252637e-06   1.7319900e-03
   2.5000000e-01   9.9138302e-01   6.3442115e-06   1.5900425e-03
   3.0000000e-01   9.9310047e-01   7.2505275e-06   1.5872850e-03
   3.5000000e-01   9.8833189e-01   9.0631593e-06   1.7656648e-03
   4.0000000e-01   9.8532585e-01   3.6252637e-05   1.7626776e-03
   1.5000000e-01   9.9523190e-01   5.8004220e-05   1.9822060e-03
   2.0000000e-01   9.8608090e-01   3.2627374e-05   1.9915211e-03
   2.5000000e-01   9.9698406e-01   6.1629484e-05   1.5832294e-03
   3.0000000e-01   9.9786416e-01   4.1690533e-05   1.4290044e-03
   3.5000000e-01   9.9741602e-01   1.8126319e-06   1.5920356e-03
   4.0000000e-01   9.9651416e-01   3.4440006e-05   1.9230629e-03
   1.5000000e-01   9.9357326e-01   9.3350541e-05   1.8046729e-03
   2.0000000e-01   9.9913570e-01   6.3442115e-06   1.5376244e-03
   2.5000000e-01   9.8706897e-01   2.6283162e-05   1.7298346e-03
   3.0000000e-01   9.8883162e-01   4.3775060e-04   1.9268368e-03
   3.5000000e-01   9.9827512e-01   2.5376846e-05   1.3511977e-03
   4.0000000e-01   9.7798878e-01   3.4440006e-05   1.8475624e-03
   1.5000000e-01   9.8123667e-01   7.3411591e-05   1.9179263e-03
   2.0000000e-01   9.8696219e-01   1.9032635e-05   1.6290442e-03
   2.5000000e-01   9.8184176e-01   1.0875791e-05   1.8352154e-03
   3.0000000e-01   9.9870354e-01   4.8034745e-05   1.5468343e-03
   3.5000000e-01   9.9827809e-01   1.8126319e-06   1.4705883e-03
   4.0000000e-01   9.9223469e-01   4.9847376e-05   1.9290359e-03
   1.5000000e-01   9.8357112e-01   9.4256857e-05   1.9838257e-03
   2.0000000e-01   9.9696838e-01   5.4378956e-06   2.0397544e-03
   2.5000000e-01   9.7957410e-01   2.1751582e-05   1.6305766e-03
   3.0000000e-01   9.9740484e-01   4.8941060e-05   1.6889353e-03
   3.5000000e-01   9.8630137e-01   1.1510212e-04   1.6723574e-03
   4.0000000e-01   9.8468737e-01   2.8095794e-05   1.7211967e-03
   1.5000000e-01   9.9569337e-01   3.0180321e-04   2.1022564e-03
   2.0000000e-01   9.9828694e-01   2.7189478e-06   1.5804575e-03
   2.5000000e-01   9.8198971e-01   5.6191588e-05   1.7712677e-03
   3.0000000e-01   9.9477124e-01   1.5407371e-05   1.6975049e-03
   3.5000000e-01   9.9740035e-01   9.0631593e-07   1.6927363e-03
   4.0000000e-01   9.9227468e-01   8.7912646e-05   1.7683855e-03
   1.5000000e-01   9.9488709e-01   6.2535799e-05   1.8246634e-03
   2.0000000e-01   9.9271012e-01   1.6313687e-05   1.6494117e-03
   2.5000000e-01   9.8617113e-01   2.8095794e-05   1.6655666e-03
   3.0000000e-01   9.9525043e-01   1.4501055e-05   1.4326291e-03
   3.5000000e-01   9.8969072e-01   4.7128429e-05   1.5938690e-03
   4.0000000e-01   9.6789588e-01   2.2657898e-05   2.0391095e-03
   1.5000000e-01   9.9565406e-01   2.8095794e-05   1.9968959e-03
   2.0000000e-01   9.9914420e-01   5.0753692e-05   1.6766403e-03
   2.5000000e-01   9.9442299e-01   3.8065269e-05   1.6686820e-03
   3.0000000e-01   9.9570815e-01   7.2505275e-06   1.5527311e-03
   3.5000000e-01   9.9570815e-01   2.7189478e-06   1.5122480e-03
   4.0000000e-01   9.8580645e-01   2.7189478e-05   2.0473824e-03
   1.5000000e-01   9.8079385e-01   2.8367689e-04   1.9761246e-03
   2.0000000e-01   9.9174631e-01   2.2657898e-05   1.7969815e-03
   2.5000000e-01   9.9220442e-01   6.2535799e-05   1.7468915e-03
   3.0000000e-01   9.9565972e-01   4.8941060e-05   1.7587443e-03
   3.5000000e-01   9.9657827e-01   0.0000000e+00   1.3760604e-03
   4.0000000e-01   9.9609205e-01   9.7882121e-05   1.9443962e-03
   1.5000000e-01   9.9009475e-01   1.3594739e-05   1.8702791e-03
   2.0000000e-01   9.9350087e-01   2.7189478e-06   1.5453047e-03
   2.5000000e-01   9.9400685e-01   1.6313687e-05   1.6376120e-03
   3.0000000e-01   9.9435028e-01   1.9938951e-05   1.6401154e-03
   3.5000000e-01   9.9742931e-01   1.9938951e-05   1.5076095e-03
   4.0000000e-01   9.7849462e-01   1.9938951e-05   1.9444252e-03
   1.5000000e-01   9.8660328e-01   1.2325897e-04   2.0324551e-03
   2.0000000e-01   9.9391040e-01   7.9755802e-05   1.9952161e-03
   2.5000000e-01   9.8332621e-01   3.2627374e-05   1.6300971e-03
   3.0000000e-01   9.9659430e-01   5.9816852e-05   1.6109727e-03
   3.5000000e-01   9.9827586e-01   0.0000000e+00   1.5513132e-03
   4.0000000e-01   9.9436253e-01   1.2235265e-04   2.0080200e-03
   1.5000000e-01   9.8887938e-01   8.5193698e-05   1.8168648e-03
   2.0000000e-01   9.9913420e-01   5.4378956e-06   1.7709418e-03
   2.5000000e-01   9.9134199e-01   6.0723168e-05   1.8268530e-03
   3.0000000e-01   9.9828252e-01   3.9877901e-05   1.6245918e-03
   3.5000000e-01   9.9826915e-01   1.8126319e-06   1.6449165e-03
   4.0000000e-01   9.8365591e-01   7.1598959e-05   1.7487938e-03
   1.5000000e-01   9.8100993e-01   2.7823899e-04   1.9359027e-03
   2.0000000e-01   9.9829133e-01   9.0631593e-07   1.5143739e-03
   2.5000000e-01   9.8634230e-01   3.5346321e-05   1.7985852e-03
   3.0000000e-01   9.9611734e-01   7.1598959e-05   1.5442459e-03
   3.5000000e-01   9.9784668e-01   0.0000000e+00   1.4717014e-03
   4.0000000e-01   9.9067401e-01   8.3381066e-05   1.8154139e-03
   1.5000000e-01   9.9525043e-01   3.1721058e-05   1.9760103e-03
   2.0000000e-01   9.9869565e-01   9.0631593e-07   1.6409781e-03
   2.5000000e-01   9.8189655e-01   1.3594739e-05   1.7529565e-03
   3.0000000e-01   9.8649237e-01   3.6252637e-06   1.8816500e-03
   3.5000000e-01   9.9654278e-01   5.9816852e-05   1.7294009e-03
   4.0000000e-01   9.8869074e-01   1.4591687e-04   2.1432197e-03
   1.5000000e-01   9.8837710e-01   0.0000000e+00   2.1520323e-03
   2.0000000e-01   9.9870186e-01   1.4501055e-05   1.6586835e-03
   2.5000000e-01   9.9527897e-01   3.3533690e-05   1.7611379e-03
   3.0000000e-01   9.9226804e-01   3.6252637e-06   1.5472076e-03
   3.5000000e-01   9.9740147e-01   9.0631593e-06   1.4933371e-03
   4.0000000e-01   9.8969957e-01   6.9786327e-05   1.7210884e-03
   1.5000000e-01   9.9697624e-01   2.3564214e-05   2.0154038e-03
   2.0000000e-01   9.9914639e-01   0.0000000e+00   1.7221517e-03
   2.5000000e-01   9.9612570e-01   7.4317907e-05   1.4741025e-03
   3.0000000e-01   9.9611399e-01   3.2627374e-05   1.4668935e-03
   3.5000000e-01   9.9826690e-01   7.2505275e-06   1.4710446e-03
   4.0000000e-01   9.8796217e-01   1.7220003e-04   1.9082579e-03
   1.5000000e-01   9.8584906e-01   1.0513265e-04   1.9302248e-03
   2.0000000e-01   9.9003898e-01   7.0692643e-05   1.9015685e-03
   2.5000000e-01   9.8565217e-01   2.1751582e-05   1.5520690e-03
   3.0000000e-01   9.9228461e-01   5.5285272e-05   1.4476921e-03
   3.5000000e-01   9.9828326e-01   3.6252637e-06   1.6606496e-03
   4.0000000e-01   9.8136107e-01   5.9816852e-05   2.0248592e-03
   1.5000000e-01   9.9566349e-01   4.8941060e-05   1.9645645e-03
   2.0000000e-01   9.9956934e-01   4.5315797e-06   1.7473873e-03
   2.5000000e-01   9.9742489e-01   6.1629484e-05   1.5584604e-03
   3.0000000e-01   9.9655172e-01   3.1721058e-05   1.5903096e-03
   3.5000000e-01   9.9827064e-01   9.0631593e-07   1.5830698e-03
   4.0000000e-01   9.7278618e-01   4.4409481e-05   2.2388688e-03
   1.5000000e-01   9.9612069e-01   2.8095794e-05   1.8153938e-03
   2.0000000e-01   9.8661485e-01   1.1057054e-04   1.9504439e-03
   2.5000000e-01   9.8619500e-01   4.0784217e-05   1.6779057e-03
   3.0000000e-01   9.9698406e-01   7.0692643e-05   1.5919560e-03
   3.5000000e-01   9.9827437e-01   0.0000000e+00   1.6186806e-03
   4.0000000e-01   9.8881239e-01   1.2597791e-04   1.9118528e-03
   1.5000000e-01   9.9392625e-01   1.2688423e-05   1.8685475e-03
   2.0000000e-01   9.9780220e-01   3.3533690e-05   1.7540316e-03
   2.5000000e-01   9.9521947e-01   9.8788437e-05   2.0217531e-03
   3.0000000e-01   9.9654129e-01   4.8034745e-05   1.4024613e-03
   3.5000000e-01   9.9784111e-01   6.3442115e-06   1.6291127e-03
   4.0000000e-01   9.9441101e-01   5.3472640e-05   1.7856054e-03
   1.5000000e-01   9.8328333e-01   4.3503165e-05   1.6943016e-03
   2.0000000e-01   9.9914639e-01   6.3442115e-06   1.4014125e-03
   2.5000000e-01   9.9314188e-01   7.8849486e-05   1.6747613e-03
   3.0000000e-01   9.9569337e-01   5.4378956e-06   1.5132673e-03
   3.5000000e-01   9.9742820e-01   1.8126319e-06   1.4845689e-03
   4.0000000e-01   9.8840206e-01   9.9694753e-06   1.8828819e-03
   1.5000000e-01   9.9871685e-01   3.1721058e-05   1.9036395e-03
   2.0000000e-01   9.9869961e-01   2.7189478e-06   1.5878639e-03
   2.5000000e-01   9.9082168e-01   4.2596849e-05   1.6441555e-03
   3.0000000e-01   9.9655766e-01   2.9908426e-05   1.5082777e-03
   3.5000000e-01   9.7755719e-01   5.4922746e-04   2.0246455e-03
   4.0000000e-01   9.8484192e-01   7.8849486e-05   1.7564747e-03
   1.5000000e-01   9.9697101e-01   2.4470530e-05   1.9284138e-03
   2.0000000e-01   9.9870466e-01   0.0000000e+00   1.5667893e-03
   2.5000000e-01   9.8570810e-01   1.4229160e-04   2.0086637e-03
   3.0000000e-01   9.9481641e-01   1.4501055e-05   1.7055186e-03
   3.5000000e-01   9.9697755e-01   3.6252637e-06   1.7274719e-03
   4.0000000e-01   9.7903295e-01   1.3322844e-04   2.0642040e-03
   1.5000000e-01   9.9654428e-01   5.2566324e-05   1.9249183e-03
   2.0000000e-01   9.9783924e-01   6.3442115e-06   1.5955663e-03
   2.5000000e-01   9.8973920e-01   1.5407371e-05   1.6123873e-03
   3.0000000e-01   9.9698795e-01   6.4348431e-05   1.4601958e-03
   3.5000000e-01   9.9440379e-01   2.7189478e-06   1.4865500e-03
   4.0000000e-01   9.9306158e-01   9.1537909e-05   1.8941766e-03
   1.5000000e-01   9.9652627e-01   6.8880011e-05   1.7790813e-03
   2.0000000e-01   9.9914237e-01   3.6252637e-06   1.5432470e-03
   2.5000000e-01   9.4861831e-01   1.2516223e-03   2.3444720e-03
   3.0000000e-01   9.9017094e-01   1.5407371e-05   1.3491221e-03
   3.5000000e-01   9.9610390e-01   4.5315797e-06   1.5331888e-03
   4.0000000e-01   9.9392888e-01   2.9908426e-05   2.0463997e-03
   1.5000000e-01   9.9395770e-01   2.9908426e-05   1.8142772e-03
   2.0000000e-01   9.9699054e-01   2.0845266e-05   1.6598611e-03
   2.5000000e-01   9.8957881e-01   9.0631593e-06   1.7780087e-03
   3.0000000e-01   9.9870074e-01   5.8910536e-05   1.8166628e-03
   3.5000000e-01   9.9480969e-01   1.8126319e-06   1.6592615e-03
   4.0000000e-01   9.8834700e-01   6.7973695e-05   1.6699850e-03
   1.5000000e-01   9.9609205e-01   8.1568434e-06   2.1385317e-03
   2.0000000e-01   9.9913793e-01   9.0631593e-07   1.6695510e-03
   2.5000000e-01   9.9019190e-01   2.7189478e-05   1.4988221e-03
   3.0000000e-01   9.9741268e-01   7.4317907e-05   1.4588563e-03
   3.5000000e-01   9.9083770e-01   1.0150738e-04   1.6815516e-03
   4.0000000e-01   9.8835203e-01   1.0875791e-04   1.7127986e-03
   1.5000000e-01   9.9655321e-01   4.5315797e-05   1.9721414e-03
   2.0000000e-01   9.8430004e-01   1.5498002e-04   1.9009836e-03
   2.5000000e-01   9.9218750e-01   1.2688423e-05   1.6278153e-03
   3.0000000e-01   9.9740260e-01   5.4378956e-05   1.4671688e-03
   3.5000000e-01   9.9782325e-01   0.0000000e+00   1.4993644e-03
   4.0000000e-01   9.8624248e-01   1.3685371e-04   1.8621177e-03
   1.5000000e-01   9.9869053e-01   5.9816852e-05   1.9950623e-03
   2.0000000e-01   9.9782609e-01   1.3594739e-05   2.0136962e-03
   2.5000000e-01   9.8788927e-01   1.1782107e-05   1.5743150e-03
   3.0000000e-01   9.9785775e-01   3.5346321e-05   1.3480993e-03
   3.5000000e-01   9.9610052e-01   9.9694753e-06   1.4787898e-03
   4.0000000e-01   9.6941896e-01   8.3924856e-04   2.0598523e-03
   1.5000000e-01   9.9913830e-01   8.2474750e-05   1.8371220e-03
   2.0000000e-01   9.9913644e-01   6.3442115e-06   1.4821702e-03
   2.5000000e-01   9.9222126e-01   1.3594739e-05   1.8163825e-03
   3.0000000e-01   9.9226139e-01   4.5315797e-06   1.5489085e-03
   3.5000000e-01   9.9784576e-01   9.0631593e-07   1.5145275e-03
   4.0000000e-01   9.9043062e-01   1.5316739e-04   2.0126070e-03
   1.5000000e-01   9.9869452e-01   7.6130538e-05   2.0543821e-03
   2.0000000e-01   9.9307059e-01   9.3350541e-05   2.0612930e-03
   2.5000000e-01   9.7005208e-01   9.0631593e-06   1.5851524e-03
   3.0000000e-01   9.8925193e-01   3.6252637e-06   1.4916332e-03
   3.5000000e-01   9.9653979e-01   3.1721058e-05   1.6223067e-03
   4.0000000e-01   9.9265341e-01   6.9786327e-05   2.0962957e-03
   1.5000000e-01   9.9313894e-01   4.8941060e-05   1.7227763e-03
   2.0000000e-01   9.9956971e-01   1.5407371e-05   2.0601698e-03
   2.5000000e-01   9.5217763e-01   1.5498002e-04   1.8740393e-03
   3.0000000e-01   9.9523190e-01   8.4287382e-05   1.5980634e-03
   3.5000000e-01   9.9828400e-01   3.6252637e-06   1.5843756e-03
   4.0000000e-01   9.9007765e-01   7.7036854e-05   1.8623043e-03
   1.5000000e-01   9.9000000e-01   2.6826952e-04   2.0578287e-03
   2.0000000e-01   9.9182092e-01   5.4378956e-06   1.4075219e-03
   2.5000000e-01   9.7453311e-01   9.4256857e-05   1.4845366e-03
   3.0000000e-01   9.9568780e-01   2.7098846e-04   1.8710562e-03
   3.5000000e-01   9.9741044e-01   3.6252637e-06   1.3138188e-03
   4.0000000e-01   9.8793623e-01   1.5226108e-04   2.0950344e-03
   1.5000000e-01   9.6786632e-01   1.9938951e-05   1.9057401e-03
   2.0000000e-01   9.9567287e-01   3.9877901e-05   1.7885959e-03
   2.5000000e-01   9.9354561e-01   3.4440006e-05   1.5830628e-03
   3.0000000e-01   9.9694989e-01   6.5254747e-05   1.3941542e-03
   3.5000000e-01   9.9869565e-01   0.0000000e+00   1.3733781e-03
   4.0000000e-01   9.7886109e-01   4.8034745e-05   1.8765432e-03
   1.5000000e-01   9.9176420e-01   2.0392109e-04   2.1834449e-03
   2.0000000e-01   9.9522984e-01   6.3442115e-06   1.6362485e-03
   2.5000000e-01   9.9355393e-01   2.9002110e-05   1.6729999e-03
   3.0000000e-01   9.9179620e-01   1.6857476e-04   1.5127658e-03
   3.5000000e-01   9.9700214e-01   0.0000000e+00   1.5012703e-03
   4.0000000e-01   9.7932817e-01   7.5224223e-05   2.0050706e-03
   1.5000000e-01   9.9099871e-01   4.0784217e-05   1.9011947e-03
   2.0000000e-01   9.9914237e-01   5.4378956e-06   1.7134777e-03
   2.5000000e-01   9.8893146e-01   9.0631593e-06   1.7231390e-03
   3.0000000e-01   9.9306459e-01   2.3564214e-05   1.5950419e-03
   3.5000000e-01   9.9739922e-01   9.0631593e-07   1.5081278e-03
   4.0000000e-01   9.8795181e-01   6.4348431e-05   1.8157754e-03
   1.5000000e-01   9.9055794e-01   2.7189478e-05   1.8651530e-03
   2.0000000e-01   9.9610390e-01   4.5315797e-06   1.6634249e-03
   2.5000000e-01   9.7900262e-01   8.9725278e-05   2.0213226e-03
   3.0000000e-01   9.9348676e-01   2.0845266e-05   1.5494297e-03
   3.5000000e-01   9.9785039e-01   5.4378956e-06   1.5140452e-03
   4.0000000e-01   9.6803456e-01   7.9755802e-05   1.8259354e-03
   1.5000000e-01   9.9487617e-01   1.1510212e-04   1.8688589e-03
   2.0000000e-01   9.9956578e-01   3.2627374e-05   1.5830637e-03
   2.5000000e-01   9.9125492e-01   5.9816852e-05   1.8160569e-03
   3.0000000e-01   9.9481641e-01   3.1721058e-05   1.6468959e-03
   3.5000000e-01   9.9785867e-01   0.0000000e+00   1.3396061e-03
   4.0000000e-01   9.9177845e-01   6.9786327e-05   1.9164853e-03
   1.5000000e-01   9.8964625e-01   4.7128429e-05   2.0015627e-03
   2.0000000e-01   9.9477124e-01   3.9877901e-05   1.9586576e-03
   2.5000000e-01   9.9008621e-01   9.2444225e-05   1.6506704e-03
   3.0000000e-01   9.9785131e-01   2.5376846e-05   1.6276836e-03
   3.5000000e-01   9.9264069e-01   1.4954213e-04   1.8014102e-03
   4.0000000e-01   9.8482878e-01   4.8941060e-05   1.9084573e-03
   1.5000000e-01   9.9742931e-01   1.1600844e-04   1.8286909e-03
   2.0000000e-01   9.9133073e-01   1.3504107e-04   1.8628371e-03
   2.5000000e-01   9.9437229e-01   8.1568434e-06   1.6471203e-03
   3.0000000e-01   9.9576988e-01   1.1782107e-05   1.3732457e-03
   3.5000000e-01   9.9654428e-01   9.0631593e-06   1.6298246e-03
   4.0000000e-01   9.8839209e-01   3.7158953e-05   1.6890869e-03
   1.5000000e-01   9.9395770e-01   7.1598959e-05   1.8077483e-03
   2.0000000e-01   9.9485199e-01   1.1782107e-05   1.6579511e-03
   2.5000000e-01   9.8837710e-01   4.9847376e-05   1.8282603e-03
   3.0000000e-01   9.9520488e-01   2.4470530e-05   1.7780366e-03
   3.5000000e-01   9.9784854e-01   3.6252637e-06   1.5562165e-03
   4.0000000e-01   9.8834197e-01   1.1691476e-04   1.8729555e-03
   1.5000000e-01   9.9349805e-01   1.0966423e-04   1.9151826e-03
   2.0000000e-01   9.9913232e-01   0.0000000e+00   1.7356679e-03
   2.5000000e-01   9.8966853e-01   2.9002110e-05   1.4507520e-03
   3.0000000e-01   9.8784195e-01   2.9908426e-05   1.4508104e-03
   3.5000000e-01   9.9785131e-01   3.6252637e-06   1.4460565e-03
   4.0000000e-01   9.8552576e-01   1.8126319e-05   1.7971753e-03
   1.5000000e-01   9.9128540e-01   1.3050949e-04   2.2240643e-03
   2.0000000e-01   9.9657681e-01   9.0631593e-07   1.6144903e-03
   2.5000000e-01   9.8381452e-01   1.5407371e-05   1.9065474e-03
   3.0000000e-01   9.9611399e-01   6.2535799e-05   1.5417047e-03
   3.5000000e-01   9.9828987e-01   2.7189478e-05   1.4115865e-03
   4.0000000e-01   9.9178911e-01   6.0723168e-05   1.9097072e-03
   1.5000000e-01   9.9826990e-01   4.2596849e-05   2.0020121e-03
   2.0000000e-01   9.9870912e-01   1.8126319e-06   1.4245194e-03
   2.5000000e-01   9.9306459e-01   1.3594739e-05   1.7809522e-03
   3.0000000e-01   9.9012876e-01   2.2657898e-05   1.3454525e-03
   3.5000000e-01   9.9220104e-01   3.2627374e-05   1.5236112e-03
   4.0000000e-01   9.9095218e-01   1.0694528e-04   1.8290174e-03
   1.5000000e-01   9.9783080e-01   5.8910536e-05   2.0321169e-03
   2.0000000e-01   9.9913941e-01   7.2505275e-06   1.7218333e-03
   2.5000000e-01   9.9064626e-01   7.2505275e-06   1.4375242e-03
   3.0000000e-01   9.9659139e-01   2.1751582e-05   1.4219871e-03
   3.5000000e-01   9.9783737e-01   0.0000000e+00   1.4600267e-03
   4.0000000e-01   9.8355690e-01   4.6222113e-05   1.9248462e-03
   1.5000000e-01   9.9354839e-01   2.9908426e-05   2.0262861e-03
   2.0000000e-01   9.9824253e-01   2.7189478e-06   1.7583483e-03
   2.5000000e-01   9.7598628e-01   1.1782107e-05   1.5931678e-03
   3.0000000e-01   9.7875053e-01   6.2535799e-05   1.4735909e-03
   3.5000000e-01   9.9827363e-01   1.0875791e-05   1.5402776e-03
   4.0000000e-01   9.7667387e-01   2.4470530e-05   1.7886381e-03
   1.5000000e-01   9.9524838e-01   5.8910536e-05   1.7164886e-03
   2.0000000e-01   1.0000000e+00   8.1568434e-06   1.5959495e-03
   2.5000000e-01   9.8756432e-01   3.4440006e-05   1.4696260e-03
   3.0000000e-01   9.9529110e-01   1.6313687e-05   1.5511550e-03
   3.5000000e-01   9.9871575e-01   9.0631593e-07   1.2079023e-03
   4.0000000e-01   9.8416774e-01   4.2596849e-05   1.8391762e-03
   1.5000000e-01   9.8416096e-01   1.6313687e-05   1.7440426e-03
   2.0000000e-01   9.9914347e-01   2.7189478e-06   1.5412778e-03
   2.5000000e-01   9.6544276e-01   1.4863581e-04   1.8337441e-03
   3.0000000e-01   9.9394464e-01   1.9938951e-05   1.4774297e-03
   3.5000000e-01   9.9827735e-01   0.0000000e+00   1.3813789e-03
   4.0000000e-01   9.8334757e-01   4.2596849e-05   1.7508297e-03
   1.5000000e-01   9.9484315e-01   2.3564214e-05   1.8624619e-03
   2.0000000e-01   9.9008193e-01   1.1600844e-04   1.8964012e-03
   2.5000000e-01   9.9017933e-01   8.9725278e-05   1.6165675e-03
   3.0000000e-01   9.9741156e-01   1.4410423e-04   1.8394312e-03
   3.5000000e-01   9.8707454e-01   5.1206850e-04   2.0676154e-03
   4.0000000e-01   9.8781019e-01   9.5163173e-05   2.0381587e-03
   1.5000000e-01   9.8753760e-01   1.3322844e-04   1.9222282e-03
   2.0000000e-01   9.9827512e-01   2.4470530e-05   1.6953230e-03
   2.5000000e-01   9.6110631e-01   4.2959375e-04   2.1219253e-03
   3.0000000e-01   9.9611734e-01   4.2596849e-05   1.3895283e-03
   3.5000000e-01   9.9787596e-01   4.5315797e-06   1.4832862e-03
   4.0000000e-01   9.6999571e-01   3.2536742e-04   1.8485353e-03
   1.5000000e-01   9.8356401e-01   1.7310634e-04   1.9555109e-03
   2.0000000e-01   9.9828179e-01   4.5315797e-06   1.8097755e-03
   2.5000000e-01   9.9224138e-01   2.9908426e-05   1.4768790e-03
   3.0000000e-01   9.9566537e-01   3.0814742e-05   1.5762502e-03
   3.5000000e-01   9.9913081e-01   9.0631593e-07   1.5753656e-03
   4.0000000e-01   9.8402418e-01   1.3594739e-05   1.8307078e-03
   1.5000000e-01   9.9479844e-01   4.2596849e-05   2.1580143e-03
   2.0000000e-01   9.9913119e-01   2.9908426e-05   1.6545379e-03
   2.5000000e-01   9.8925193e-01   1.9938951e-04   2.0310537e-03
   3.0000000e-01   9.9563890e-01   1.0513265e-04   1.7300590e-03
   3.5000000e-01   9.9739696e-01   3.6252637e-06   1.5249049e-03
   4.0000000e-01   9.9046381e-01   1.1963370e-04   2.0621836e-03
   1.5000000e-01   9.9612570e-01   3.4440006e-05   1.8360476e-03
   2.0000000e-01   9.9827883e-01   0.0000000e+00   1.3768035e-03
   2.5000000e-01   9.9088937e-01   3.6252637e-05   1.6652770e-03
   3.0000000e-01   9.9694723e-01   3.5346321e-05   1.4628834e-03
   3.5000000e-01   9.9567661e-01   9.9694753e-06   1.6614933e-03
   4.0000000e-01   9.6445600e-01   1.9032635e-05   2.2393720e-03
   1.5000000e-01   9.8664944e-01   6.8880011e-05   2.2450974e-03
   2.0000000e-01   9.9870298e-01   2.7189478e-05   1.6952732e-03
   2.5000000e-01   9.7028424e-01   1.7310634e-04   1.7806308e-03
   3.0000000e-01   9.8747841e-01   1.4501055e-05   1.4133251e-03
   3.5000000e-01   9.9783174e-01   9.0631593e-07   1.5932580e-03
   4.0000000e-01   9.8659749e-01   1.0241370e-04   1.7353778e-03
   1.5000000e-01   9.9655024e-01   5.2566324e-05   1.8312694e-03
   2.0000000e-01   9.9913457e-01   1.1782107e-05   1.6735400e-03
   2.5000000e-01   9.9612236e-01   2.5376846e-05   1.6872486e-03
   3.0000000e-01   9.9083370e-01   7.0692643e-05   1.6531265e-03
   3.5000000e-01   9.8874946e-01   9.9694753e-05   1.8397107e-03
   4.0000000e-01   9.8615318e-01   6.0270010e-04   1.9123296e-03
   1.5000000e-01   9.9267241e-01   1.2688423e-05   1.8032254e-03
   2.0000000e-01   9.9397071e-01   5.4378956e-06   1.6262626e-03
   2.5000000e-01   9.8502353e-01   4.2596849e-05   1.6079782e-03
   3.0000000e-01   9.9569892e-01   5.4378956e-06   1.4378544e-03
   3.5000000e-01   9.9782986e-01   2.7189478e-06   1.4128559e-03
   4.0000000e-01   9.8115632e-01   3.6162006e-04   2.1268246e-03
   1.5000000e-01   9.9312124e-01   1.1057054e-04   2.0055898e-03
   2.0000000e-01   9.9437959e-01   1.8126319e-06   1.9042532e-03
   2.5000000e-01   9.8097709e-01   9.9694753e-06   1.7036986e-03
   3.0000000e-01   9.9482759e-01   1.7220003e-05   1.3372829e-03
   3.5000000e-01   9.9782703e-01   0.0000000e+00   1.6407587e-03
   4.0000000e-01   9.4890511e-01   2.9636531e-04   2.2179368e-03
   1.5000000e-01   9.9272260e-01   3.4440006e-05   1.7561659e-03
   2.0000000e-01   9.9784204e-01   2.7189478e-05   1.5318995e-03
   2.5000000e-01   9.8870056e-01   7.2505275e-05   1.7217788e-03
   3.0000000e-01   9.9565028e-01   3.7158953e-05   1.3111261e-03
   3.5000000e-01   9.9612903e-01   9.0631593e-07   1.4514408e-03
   4.0000000e-01   9.9092088e-01   8.4287382e-05   1.7364521e-03
   1.5000000e-01   9.9870634e-01   9.1537909e-05   1.8280130e-03
   2.0000000e-01   9.9650960e-01   1.1782107e-05   1.7596940e-03
   2.5000000e-01   9.8407232e-01   2.6283162e-05   1.6408391e-03
   3.0000000e-01   9.9602824e-01   4.5315797e-05   1.5568596e-03
   3.5000000e-01   9.9828105e-01   1.7220003e-05   1.4913115e-03
   4.0000000e-01   9.9566161e-01   7.0692643e-05   2.2240667e-03
   1.5000000e-01   9.7994769e-01   2.1751582e-04   2.1725237e-03
   2.0000000e-01   9.9956934e-01   9.0631593e-06   1.6912408e-03
   2.5000000e-01   9.8828125e-01   1.6313687e-05   1.6571152e-03
   3.0000000e-01   9.9826011e-01   2.4470530e-05   1.5717689e-03
   3.5000000e-01   9.9696049e-01   3.6252637e-06   1.7472967e-03
   4.0000000e-01   9.9613070e-01   2.8095794e-05   1.8649097e-03
   1.5000000e-01   9.9612236e-01   7.6130538e-05   1.7434684e-03
   2.0000000e-01   9.9869452e-01   1.8126319e-05   1.8719206e-03
   2.5000000e-01   9.9140524e-01   5.4378956e-05   1.6177378e-03
   3.0000000e-01   9.9699700e-01   2.0845266e-05   1.4011774e-03
   3.5000000e-01   9.9696970e-01   6.3442115e-06   1.5210318e-03
   4.0000000e-01   9.9261832e-01   3.6252637e-05   1.8386324e-03
   1.5000000e-01   9.9059829e-01   1.1782107e-05   1.9711626e-03
   2.0000000e-01   9.9914089e-01   7.2505275e-06   1.7032463e-03
   2.5000000e-01   9.9699054e-01   2.3564214e-05   1.5932940e-03
   3.0000000e-01   9.9613734e-01   1.8126319e-05   1.2021431e-03
   3.5000000e-01   9.9612403e-01   2.7189478e-06   1.5934798e-03
   4.0000000e-01   9.8118050e-01   3.8065269e-05   1.9215645e-03
   1.5000000e-01   9.9180681e-01   1.6948108e-04   2.3575556e-03
   2.0000000e-01   9.9828179e-01   2.1751582e-05   1.5379248e-03
   2.5000000e-01   9.9613734e-01   7.7036854e-05   1.6755428e-03
   3.0000000e-01   9.9655024e-01   7.2505275e-06   1.5175274e-03
   3.5000000e-01   9.9827437e-01   5.4378956e-06   1.6810245e-03
   4.0000000e-01   9.8871038e-01   1.4591687e-04   1.7755123e-03
   1.5000000e-01   9.9012027e-01   1.5407371e-05   1.5554814e-03
   2.0000000e-01   9.9870186e-01   1.8126319e-06   1.7995046e-03
   2.5000000e-01   9.9137187e-01   1.3594739e-05   1.5951265e-03
   3.0000000e-01   9.9481193e-01   4.8034745e-05   1.6694695e-03
   3.5000000e-01   9.9612236e-01   3.6252637e-06   1.6393388e-03
   4.0000000e-01   9.9269759e-01   5.8004220e-05   1.8803810e-03
   1.5000000e-01   9.9741491e-01   6.9786327e-05   1.8293952e-03
   2.0000000e-01   9.9914347e-01   1.8126319e-06   1.2906971e-03
   2.5000000e-01   9.8913516e-01   4.3503165e-05   1.5571308e-03
   3.0000000e-01   9.9528706e-01   2.9002110e-05   1.5166101e-03
   3.5000000e-01   9.9785592e-01   9.0631593e-06   1.3833418e-03
   4.0000000e-01   9.8277347e-01   4.7128429e-05   1.8460232e-03
   1.5000000e-01   9.8529412e-01   1.2235265e-04   1.9582565e-03
   2.0000000e-01   9.9266925e-01   0.0000000e+00   1.4714797e-03
   2.5000000e-01   9.7929249e-01   4.8034745e-05   1.7309812e-03
   3.0000000e-01   9.9826238e-01   9.8788437e-05   1.5799502e-03
   3.5000000e-01   9.9566912e-01   6.3442115e-06   1.4649448e-03
   4.0000000e-01   9.8403796e-01   3.6252637e-05   1.9817754e-03
   1.5000000e-01   9.9481641e-01   7.3411591e-05   1.8367548e-03
   2.0000000e-01   9.9828400e-01   1.5407371e-05   1.6912402e-03
   2.5000000e-01   9.8360656e-01   1.0966423e-04   1.7405445e-03
   3.0000000e-01   9.9613734e-01   6.1629484e-05   1.4252443e-03
   3.5000000e-01   9.9740372e-01   1.9938951e-05   1.6452934e-03
   4.0000000e-01   9.9350368e-01   6.5254747e-05   1.8172980e-03
   1.5000000e-01   9.9527085e-01   2.5376846e-05   1.7207282e-03
   2.0000000e-01   9.8071153e-01   1.6404318e-04   2.0185393e-03
   2.5000000e-01   9.8868581e-01   7.9755802e-05   1.8137013e-03
   3.0000000e-01   9.9741491e-01   2.1751582e-05   1.5568879e-03
   3.5000000e-01   9.9096774e-01   4.0784217e-05   1.6165936e-03
   4.0000000e-01   9.8565841e-01   1.0875791e-05   2.0477985e-03
   1.5000000e-01   9.9739130e-01   4.4409481e-05   2.1888663e-03
   2.0000000e-01   9.8709122e-01   9.4256857e-05   1.9320813e-03
   2.5000000e-01   9.8240343e-01   3.1721058e-05   1.4492668e-03
   3.0000000e-01   9.9568780e-01   9.9694753e-06   1.5844700e-03
   3.5000000e-01   9.9870017e-01   9.0631593e-07   1.4655809e-03
   4.0000000e-01   9.8783666e-01   1.4501055e-05   2.0136419e-03
   1.5000000e-01   9.9356775e-01   5.7097904e-05   1.8668546e-03
   2.0000000e-01   9.9827660e-01   9.0631593e-07   1.6370924e-03
   2.5000000e-01   9.8656846e-01   5.5285272e-05   1.5050066e-03
   3.0000000e-01   9.9523810e-01   2.9908426e-05   1.5930318e-03
   3.5000000e-01   9.9740709e-01   7.2505275e-06   1.4866583e-03
   4.0000000e-01   9.8060345e-01   4.3503165e-05   1.9075142e-03
   1.5000000e-01   9.7909408e-01   1.1600844e-04   2.0683330e-03
   2.0000000e-01   9.9065023e-01   9.9694753e-06   1.3756973e-03
   2.5000000e-01   9.9309154e-01   7.2505275e-06   1.5082297e-03
   3.0000000e-01   9.8964178e-01   1.7220003e-05   1.4741853e-03
   3.5000000e-01   9.9783924e-01   0.0000000e+00   1.4959381e-03
   4.0000000e-01   9.8442233e-01   1.2688423e-04   1.7780273e-03
   1.5000000e-01   9.9784483e-01   3.9877901e-05   1.8458194e-03
   2.0000000e-01   9.9179620e-01   2.9002110e-05   1.6112345e-03
   2.5000000e-01   9.8049415e-01   3.2536742e-04   1.9690125e-03
   3.0000000e-01   9.9566724e-01   5.4378956e-06   1.4155344e-03
   3.5000000e-01   9.9825098e-01   2.7189478e-06   1.8756659e-03
   4.0000000e-01   9.9269446e-01   2.2657898e-05   1.7468468e-03
   1.5000000e-01   9.8963731e-01   4.7128429e-05   1.9377882e-03
   2.0000000e-01   9.9487617e-01   3.0814742e-05   1.4709492e-03
   2.5000000e-01   9.9480744e-01   4.6222113e-05   1.8129739e-03
   3.0000000e-01   9.8675780e-01   2.7189478e-06   1.3872693e-03
   3.5000000e-01   9.9739130e-01   3.6252637e-06   1.6547629e-03
   4.0000000e-01   9.8155298e-01   7.1598959e-05   2.0391344e-03
   1.5000000e-01   9.9144202e-01   1.1782107e-04   2.0518104e-03
   2.0000000e-01   9.9657534e-01   6.3442115e-06   1.7288176e-03
   2.5000000e-01   9.9568407e-01   2.5376846e-05   1.5707702e-03
   3.0000000e-01   9.9307359e-01   8.1568434e-06   1.7103694e-03
   3.5000000e-01   9.9828252e-01   1.3594739e-05   1.6235534e-03
   4.0000000e-01   9.9095218e-01   6.2535799e-05   1.9840555e-03
   1.5000000e-01   9.9610390e-01   7.2505275e-05   1.8628350e-03
   2.0000000e-01   9.9786233e-01   6.3442115e-06   1.3403327e-03
   2.5000000e-01   9.8916811e-01   1.3322844e-04   1.6032447e-03
   3.0000000e-01   9.9126256e-01   2.6192531e-04   1.9715050e-03
   3.5000000e-01   9.9784017e-01   0.0000000e+00   1.1183008e-03
   4.0000000e-01   9.9100257e-01   1.1419581e-04   1.8516573e-03
   1.5000000e-01   9.9742600e-01   4.7128429e-05   1.9372461e-03
   2.0000000e-01   9.9303439e-01   1.8126319e-06   1.6166838e-03
   2.5000000e-01   9.9439655e-01   5.4378956e-06   1.5026681e-03
   3.0000000e-01   9.8884599e-01   7.2505275e-06   1.7631913e-03
   3.5000000e-01   9.9783643e-01   2.8095794e-05   1.6934571e-03
   4.0000000e-01   9.8362069e-01   6.9786327e-05   1.9229224e-03
   1.5000000e-01   9.9522362e-01   4.4409481e-05   1.9167550e-03
   2.0000000e-01   9.9610727e-01   5.0753692e-05   1.8843949e-03
   2.5000000e-01   9.9217051e-01   5.5285272e-05   1.5479954e-03
   3.0000000e-01   9.9696970e-01   3.0814742e-05   1.5157566e-03
   3.5000000e-01   9.9739583e-01   2.7189478e-06   1.5797422e-03
   4.0000000e-01   9.8916342e-01   7.5224223e-05   2.0007564e-03
   1.5000000e-01   9.9700471e-01   2.4470530e-05   1.7404126e-03
   2.0000000e-01   9.9394464e-01   7.6130538e-05   1.7398148e-03
   2.5000000e-01   9.9486301e-01   7.1598959e-05   1.5098486e-03
   3.0000000e-01   9.9566912e-01   1.8126319e-05   1.4776244e-03
   3.5000000e-01   9.9787505e-01   2.3564214e-05   1.5968596e-03
   4.0000000e-01   9.8738033e-01   4.3321902e-04   2.1897777e-03
   1.5000000e-01   9.8620690e-01   1.4591687e-04   1.6475642e-03
   2.0000000e-01   9.9738448e-01   2.1751582e-05   1.6680050e-03
   2.5000000e-01   9.7658283e-01   6.8880011e-05   1.7245482e-03
   3.0000000e-01   9.8628963e-01   8.5193698e-05   1.4103384e-03
   3.5000000e-01   9.9697494e-01   4.5315797e-06   1.6691168e-03
   4.0000000e-01   9.8534483e-01   8.7006330e-05   1.9701276e-03
   1.5000000e-01   9.7713546e-01   8.1568434e-05   2.1588453e-03
   2.0000000e-01   9.9871189e-01   9.0631593e-07   1.5655042e-03
   2.5000000e-01   9.9261832e-01   1.2960318e-04   1.7113095e-03
   3.0000000e-01   9.9572467e-01   3.1721058e-05   1.4171634e-03
   3.5000000e-01   9.9828105e-01   0.0000000e+00   1.5455236e-03
   4.0000000e-01   9.8742956e-01   1.0241370e-04   2.1011386e-03
   1.5000000e-01   9.8497209e-01   5.4378956e-05   1.8818071e-03
   2.0000000e-01   9.8760154e-01   4.9847376e-05   1.6521019e-03
   2.5000000e-01   9.9441341e-01   7.4317907e-05   1.7475905e-03
   3.0000000e-01   9.9443731e-01   9.9694753e-06   1.3706277e-03
   3.5000000e-01   9.9656800e-01   1.8126319e-06   1.5627010e-03
   4.0000000e-01   9.8492029e-01   7.8849486e-05   1.8866394e-03
   1.5000000e-01   9.9698146e-01   5.4378956e-05   1.8156317e-03
   2.0000000e-01   9.9396812e-01   1.3594739e-05   1.5087424e-03
   2.5000000e-01   9.9265976e-01   4.4409481e-05   1.5052475e-03
   3.0000000e-01   9.9698146e-01   1.9032635e-05   1.5066388e-03
   3.5000000e-01   9.9654577e-01   1.8126319e-06   1.6175788e-03
   4.0000000e-01   9.8793103e-01   3.8065269e-05   2.0527068e-03
   1.5000000e-01   9.8368398e-01   6.7067379e-05   2.1360672e-03
   2.0000000e-01   9.9913644e-01   9.0631593e-07   1.5109963e-03
   2.5000000e-01   9.9092481e-01   1.9032635e-05   1.4985865e-03
   3.0000000e-01   9.9827586e-01   1.1782107e-05   1.4016324e-03
   3.5000000e-01   9.9827139e-01   2.7189478e-06   1.5878071e-03
   4.0000000e-01   9.9482759e-01   2.7189478e-05   1.6980387e-03
   1.5000000e-01   9.9740821e-01   2.4470530e-05   1.8592322e-03
   2.0000000e-01   9.9049265e-01   1.0060107e-04   1.9967026e-03
   2.5000000e-01   9.9135696e-01   2.4470530e-05   1.5323703e-03
   3.0000000e-01   9.9740821e-01   2.7189478e-05   1.4753762e-03
   3.5000000e-01   9.9478488e-01   5.4378956e-06   1.6270625e-03
   4.0000000e-01   9.8697351e-01   1.5226108e-04   1.8652722e-03
   1.5000000e-01   9.9085764e-01   4.5315797e-06   1.8144548e-03
   2.0000000e-01   9.9566537e-01   4.9847376e-05   1.5577439e-03
   2.5000000e-01   9.8494624e-01   7.7036854e-05   1.6137393e-03
   3.0000000e-01   9.9611399e-01   1.4501055e-05   1.5128464e-03
   3.5000000e-01   9.9567287e-01   1.9032635e-05   1.6729920e-03
   4.0000000e-01   9.9297012e-01   2.5376846e-05   2.2798516e-03
   1.5000000e-01   9.8881239e-01   6.5254747e-05   1.9561639e-03
   2.0000000e-01   9.9702128e-01   1.8126319e-06   1.2516304e-03
   2.5000000e-01   9.8534483e-01   5.4378956e-05   1.8807549e-03
   3.0000000e-01   9.9697494e-01   2.0845266e-05   1.4228036e-03
   3.5000000e-01   9.9826389e-01   0.0000000e+00   1.5174114e-03
   4.0000000e-01   9.8272138e-01   8.7006330e-05   1.6676292e-03
   1.5000000e-01   9.9783643e-01   1.5407371e-05   2.0100334e-03
   2.0000000e-01   9.9440138e-01   9.9694753e-06   1.7255541e-03
   2.5000000e-01   9.7808337e-01   1.5498002e-04   2.0543555e-03
   3.0000000e-01   9.9564460e-01   1.6313687e-05   1.5037306e-03
   3.5000000e-01   9.9785684e-01   4.5315797e-06   1.3775387e-03
   4.0000000e-01   9.9010327e-01   1.5407371e-04   1.9648329e-03
   1.5000000e-01   9.9783737e-01   3.8971585e-05   1.8846738e-03
   2.0000000e-01   9.9783456e-01   9.0631593e-07   1.7574792e-03
   2.5000000e-01   9.8867102e-01   4.5315797e-05   1.8097417e-03
   3.0000000e-01   9.9443493e-01   1.6313687e-05   1.4885527e-03
   3.5000000e-01   9.9391040e-01   3.4440006e-05   1.8031617e-03
   4.0000000e-01   9.7927461e-01   1.2507160e-04   1.8503275e-03
   1.5000000e-01   9.9740933e-01   3.3533690e-05   2.1033173e-03
   2.0000000e-01   9.9826011e-01   1.5407371e-05   1.5600715e-03
   2.5000000e-01   9.8832180e-01   7.2505275e-05   1.8700128e-03
   3.0000000e-01   9.9182444e-01   1.3594739e-05   1.6102261e-03
   3.5000000e-01   9.9869905e-01   0.0000000e+00   1.4249647e-03
   4.0000000e-01   9.9697624e-01   6.2535799e-05   1.8848663e-03
   1.5000000e-01   9.9394725e-01   1.6857476e-04   1.9542620e-03
   2.0000000e-01   9.9741602e-01   5.4378956e-06   1.7330496e-03
   2.5000000e-01   9.8753224e-01   4.8941060e-05   1.5720556e-03
   3.0000000e-01   9.9311828e-01   1.8126319e-05   1.5067859e-03
   3.5000000e-01   9.9527897e-01   5.4378956e-05   1.6569892e-03
   4.0000000e-01   9.6177237e-01   2.0573372e-04   2.1664834e-03
   1.5000000e-01   9.9569337e-01   4.1690533e-05   1.9673711e-03
   2.0000000e-01   9.9825098e-01   1.3594739e-05   1.7200560e-03
   2.5000000e-01   9.8733071e-01   2.7008215e-04   1.9725784e-03
   3.0000000e-01   9.9655766e-01   1.9032635e-05   1.2931071e-03
   3.5000000e-01   9.9786325e-01   9.0631593e-06   1.5343038e-03
   4.0000000e-01   9.8245614e-01   2.1660951e-04   2.0201189e-03
   1.5000000e-01   9.9007765e-01   3.9877901e-05   1.5710441e-03
   2.0000000e-01   9.9698146e-01   1.9032635e-05   1.5837995e-03
   2.5000000e-01   9.8217391e-01   4.4409481e-05   1.7239747e-03
   3.0000000e-01   9.8251599e-01   8.1568434e-06   1.4524033e-03
   3.5000000e-01   9.9695652e-01   1.8126319e-06   1.3678409e-03
   4.0000000e-01   9.9147122e-01   1.3957265e-04   1.7392702e-03
   1.5000000e-01   9.9088146e-01   4.1690533e-05   1.8302011e-03
   2.0000000e-01   9.9481865e-01   1.4501055e-05   1.7711183e-03
   2.5000000e-01   9.8475610e-01   1.9032635e-05   1.7887625e-03
   3.0000000e-01   9.9652778e-01   2.2657898e-05   1.5193827e-03
   3.5000000e-01   9.9780894e-01   0.0000000e+00   1.6654995e-03
   4.0000000e-01   9.6384517e-01   1.7129371e-04   1.8416319e-03
   1.5000000e-01   9.9567661e-01   4.8034745e-05   1.7760974e-03
   2.0000000e-01   9.9956766e-01   6.3442115e-06   1.6764695e-03
   2.5000000e-01   9.9613568e-01   4.5315797e-05   1.7179536e-03
   3.0000000e-01   9.9612403e-01   7.5224223e-05   1.6569736e-03
   3.5000000e-01   9.9741044e-01   1.5407371e-05   1.7200489e-03
   4.0000000e-01   9.8942023e-01   6.6161063e-05   1.8500054e-03
   1.5000000e-01   9.9180681e-01   4.2596849e-05   1.6382078e-03
   2.0000000e-01   9.9826915e-01   4.8941060e-05   1.7928190e-03
   2.5000000e-01   9.9174989e-01   3.4440006e-05   1.6094390e-03
   3.0000000e-01   9.9696576e-01   2.7189478e-05   1.4917687e-03
   3.5000000e-01   9.9741268e-01   0.0000000e+00   1.3581553e-03
   4.0000000e-01   9.8177083e-01   4.3503165e-05   2.1443717e-03
   1.5000000e-01   9.9608355e-01   1.1782107e-05   1.8510116e-03
   2.0000000e-01   9.8439532e-01   6.3442115e-06   2.1637329e-03
   2.5000000e-01   9.9131944e-01   3.6252637e-05   1.5358425e-03
   3.0000000e-01   9.9827660e-01   4.1690533e-05   1.4139192e-03
   3.5000000e-01   9.9358700e-01   4.5315797e-06   1.8154737e-03
   4.0000000e-01   9.8539519e-01   2.2204740e-04   1.7139193e-03
