   1.5000000e-01   9.9944994e-01   1.8489244e-05   3.6462582e-03
   2.0000000e-01   9.9889989e-01   5.0845421e-05   3.4311232e-03
   2.5000000e-01   9.9504950e-01   0.0000000e+00   2.9983458e-03
   3.0000000e-01   9.9724972e-01   3.9289643e-05   2.9301457e-03
   3.5000000e-01   9.9834983e-01   2.5422710e-05   2.9838977e-03
   4.0000000e-01   9.9394939e-01   4.6223110e-05   3.8850835e-03
   1.5000000e-01   9.9669967e-01   1.3866933e-05   3.3027727e-03
   2.0000000e-01   9.9779978e-01   1.3866933e-05   3.4470528e-03
   2.5000000e-01   9.9669967e-01   1.3404702e-04   3.3014033e-03
   3.0000000e-01   9.9834983e-01   4.1600799e-05   2.9493565e-03
   3.5000000e-01   9.9834983e-01   4.6223110e-06   3.2982113e-03
   4.0000000e-01   9.9229923e-01   3.9289643e-05   3.7028743e-03
   1.5000000e-01   9.9724972e-01   8.7823908e-05   3.4227614e-03
   2.0000000e-01   9.9284928e-01   3.0045021e-05   4.0949027e-03
   2.5000000e-01   9.9724972e-01   4.3911954e-05   3.0427581e-03
   3.0000000e-01   9.9724972e-01   3.0045021e-05   2.8449133e-03
   3.5000000e-01   9.9394939e-01   2.3111555e-05   3.0950731e-03
   4.0000000e-01   9.9339934e-01   2.7733866e-05   3.3681340e-03
   1.5000000e-01   9.9724972e-01   8.7823908e-05   3.8252734e-03
   2.0000000e-01   1.0000000e+00   2.7733866e-05   3.5612362e-03
   2.5000000e-01   9.9449945e-01   6.9334665e-05   2.9517664e-03
   3.0000000e-01   9.9724972e-01   2.3111555e-06   2.9735952e-03
   3.5000000e-01   9.9724972e-01   0.0000000e+00   3.3182463e-03
   4.0000000e-01   9.9504950e-01   1.6178088e-04   3.5882757e-03
   1.5000000e-01   9.9504950e-01   1.5484742e-04   3.7002907e-03
   2.0000000e-01   9.9669967e-01   4.6223110e-06   3.6113873e-03
   2.5000000e-01   9.8569857e-01   2.3111555e-05   3.0239329e-03
   3.0000000e-01   9.9779978e-01   3.4667332e-05   2.8285278e-03
   3.5000000e-01   9.9834983e-01   2.3111555e-05   2.9242544e-03
   4.0000000e-01   9.9394939e-01   5.7778887e-05   3.5118487e-03
   1.5000000e-01   9.9724972e-01   1.3866933e-05   3.6040221e-03
   2.0000000e-01   9.9394939e-01   2.7733866e-05   3.3043085e-03
   2.5000000e-01   9.9559956e-01   6.4712354e-05   3.0324823e-03
   3.0000000e-01   9.9229923e-01   6.9334665e-06   3.1500628e-03
   3.5000000e-01   9.9669967e-01   0.0000000e+00   2.9333356e-03
   4.0000000e-01   9.9174917e-01   4.1600799e-05   3.6851558e-03
   1.5000000e-01   9.9944994e-01   3.6978488e-05   3.2706837e-03
   2.0000000e-01   9.9779978e-01   9.2446219e-06   3.4267881e-03
   2.5000000e-01   9.8954895e-01   5.0845421e-05   3.1064769e-03
   3.0000000e-01   9.9834983e-01   2.3111555e-05   2.8605289e-03
   3.5000000e-01   9.9889989e-01   2.3111555e-06   2.9163972e-03
   4.0000000e-01   9.9504950e-01   2.1955977e-04   3.3979167e-03
   1.5000000e-01   9.9889989e-01   3.2356177e-05   3.3750239e-03
   2.0000000e-01   1.0000000e+00   9.2446219e-06   3.3093629e-03
   2.5000000e-01   9.8679868e-01   2.0338168e-04   3.0326894e-03
   3.0000000e-01   9.9669967e-01   2.5422710e-05   2.9872015e-03
   3.5000000e-01   9.9834983e-01   1.1555777e-05   3.0886254e-03
   4.0000000e-01   9.9229923e-01   6.2401198e-05   3.6945052e-03
   1.5000000e-01   9.9779978e-01   1.6178088e-05   3.4582199e-03
   2.0000000e-01   9.9119912e-01   1.2249124e-04   3.7623574e-03
   2.5000000e-01   9.9449945e-01   4.3911954e-05   3.1826493e-03
   3.0000000e-01   9.9889989e-01   4.6223110e-06   2.8024958e-03
   3.5000000e-01   9.9669967e-01   0.0000000e+00   2.9769709e-03
   4.0000000e-01   9.9339934e-01   5.5467732e-05   3.3945630e-03
   1.5000000e-01   9.9889989e-01   1.3866933e-05   3.8386616e-03
   2.0000000e-01   9.9724972e-01   6.9334665e-06   3.3474777e-03
   2.5000000e-01   9.9669967e-01   1.1324662e-04   3.6512853e-03
   3.0000000e-01   9.9779978e-01   1.8489244e-05   3.1235568e-03
   3.5000000e-01   9.9834983e-01   1.6178088e-05   3.0582561e-03
   4.0000000e-01   9.8679868e-01   4.5067532e-04   3.9978864e-03
   1.5000000e-01   9.9394939e-01   1.8720359e-04   3.6251366e-03
   2.0000000e-01   9.9779978e-01   7.3956976e-05   3.2955413e-03
   2.5000000e-01   9.9559956e-01   5.3156576e-05   3.3909714e-03
   3.0000000e-01   9.9614961e-01   3.4667332e-05   2.9631991e-03
   3.5000000e-01   9.9669967e-01   0.0000000e+00   3.1970276e-03
   4.0000000e-01   9.9669967e-01   8.3201597e-05   3.5821380e-03
   1.5000000e-01   9.9449945e-01   2.3111555e-05   3.8973164e-03
   2.0000000e-01   1.0000000e+00   2.3111555e-06   3.6164058e-03
   2.5000000e-01   9.9834983e-01   1.1555777e-05   3.3132168e-03
   3.0000000e-01   9.9779978e-01   9.2446219e-06   2.7671905e-03
   3.5000000e-01   9.9834983e-01   6.9334665e-06   2.8948662e-03
   4.0000000e-01   9.9449945e-01   5.0845421e-05   3.3193558e-03
   1.5000000e-01   9.9779978e-01   5.7778887e-05   3.5450027e-03
   2.0000000e-01   9.9944994e-01   1.6178088e-05   3.1883922e-03
   2.5000000e-01   9.9394939e-01   1.3866933e-05   3.1465343e-03
   3.0000000e-01   9.9614961e-01   0.0000000e+00   2.7385770e-03
   3.5000000e-01   9.9724972e-01   2.3111555e-06   3.1528460e-03
   4.0000000e-01   9.9614961e-01   9.2446219e-06   3.5624801e-03
   1.5000000e-01   9.9944994e-01   1.8258128e-04   3.5384170e-03
   2.0000000e-01   9.9944994e-01   1.8489244e-05   3.1524207e-03
   2.5000000e-01   9.9064906e-01   9.2446219e-06   3.7465310e-03
   3.0000000e-01   9.9834983e-01   4.6223110e-06   2.8935253e-03
   3.5000000e-01   9.9834983e-01   6.2401198e-05   3.2017400e-03
   4.0000000e-01   9.8789879e-01   1.0631315e-04   3.3126474e-03
   1.5000000e-01   9.9559956e-01   4.3911954e-05   3.8945794e-03
   2.0000000e-01   9.9944994e-01   2.0800399e-05   3.3166800e-03
   2.5000000e-01   9.9944994e-01   1.1093546e-04   3.2926192e-03
   3.0000000e-01   9.9779978e-01   1.1555777e-05   2.8424856e-03
   3.5000000e-01   9.9779978e-01   0.0000000e+00   3.4095154e-03
   4.0000000e-01   9.8954895e-01   6.7023509e-05   3.4142224e-03
   1.5000000e-01   9.9944994e-01   1.6178088e-05   3.4348752e-03
   2.0000000e-01   9.9889989e-01   0.0000000e+00   3.2622046e-03
   2.5000000e-01   9.9449945e-01   6.9334665e-05   3.3708846e-03
   3.0000000e-01   9.9394939e-01   3.0045021e-05   3.1990714e-03
   3.5000000e-01   9.9339934e-01   2.0800399e-05   3.3610209e-03
   4.0000000e-01   9.9339934e-01   2.7733866e-05   3.4372034e-03
   1.5000000e-01   9.9834983e-01   3.0045021e-05   3.3806950e-03
   2.0000000e-01   9.9944994e-01   2.5422710e-05   3.0184245e-03
   2.5000000e-01   9.8844884e-01   2.5422710e-05   3.0680391e-03
   3.0000000e-01   9.9779978e-01   4.6223110e-05   3.1323520e-03
   3.5000000e-01   9.7139714e-01   2.2649324e-04   3.2222034e-03
   4.0000000e-01   9.9504950e-01   9.4757375e-05   3.4996735e-03
   1.5000000e-01   9.9504950e-01   7.6268131e-05   3.5089708e-03
   2.0000000e-01   9.9889989e-01   1.3866933e-05   3.1910508e-03
   2.5000000e-01   9.9449945e-01   6.7023509e-05   3.0988217e-03
   3.0000000e-01   9.9779978e-01   3.9289643e-05   2.9005600e-03
   3.5000000e-01   9.9889989e-01   2.7733866e-05   3.5042443e-03
   4.0000000e-01   9.9064906e-01   3.9289643e-04   3.7135741e-03
   1.5000000e-01   9.9889989e-01   1.1093546e-04   3.6519361e-03
   2.0000000e-01   9.9779978e-01   1.5946973e-04   3.6864350e-03
   2.5000000e-01   9.9504950e-01   5.7778887e-05   2.8014336e-03
   3.0000000e-01   9.9449945e-01   5.5467732e-05   3.3029265e-03
   3.5000000e-01   9.9559956e-01   4.6223110e-06   3.2254903e-03
   4.0000000e-01   9.8404840e-01   6.4712354e-05   3.7467378e-03
   1.5000000e-01   9.9614961e-01   4.8534265e-05   3.7618419e-03
   2.0000000e-01   9.9449945e-01   1.3404702e-04   3.6394067e-03
   2.5000000e-01   9.9669967e-01   3.0045021e-05   3.2130341e-03
   3.0000000e-01   9.9724972e-01   2.3111555e-06   2.8362871e-03
   3.5000000e-01   9.9834983e-01   4.6223110e-06   2.7609590e-03
   4.0000000e-01   9.9229923e-01   2.7502750e-04   3.7446210e-03
   1.5000000e-01   9.9834983e-01   9.2446219e-06   3.4630122e-03
   2.0000000e-01   1.0000000e+00   0.0000000e+00   2.9395020e-03
   2.5000000e-01   9.9284928e-01   3.2356177e-05   3.1860860e-03
   3.0000000e-01   9.9834983e-01   3.2356177e-05   2.9799366e-03
   3.5000000e-01   9.9779978e-01   0.0000000e+00   3.0553388e-03
   4.0000000e-01   9.9009901e-01   6.0090043e-05   3.7331589e-03
   1.5000000e-01   9.9944994e-01   3.4667332e-05   3.4697177e-03
   2.0000000e-01   9.9779978e-01   1.3866933e-05   3.1341534e-03
   2.5000000e-01   9.9559956e-01   3.9289643e-05   3.2648883e-03
   3.0000000e-01   9.9669967e-01   3.2356177e-05   2.8116124e-03
   3.5000000e-01   9.9834983e-01   1.1555777e-05   3.0839830e-03
   4.0000000e-01   9.9284928e-01   4.8534265e-05   3.6440692e-03
   1.5000000e-01   9.9834983e-01   4.1600799e-05   3.8347038e-03
   2.0000000e-01   9.9834983e-01   2.3111555e-06   3.3092754e-03
   2.5000000e-01   9.9339934e-01   3.4667332e-05   2.9530993e-03
   3.0000000e-01   9.9779978e-01   1.3866933e-05   2.7912743e-03
   3.5000000e-01   9.9724972e-01   3.2356177e-05   3.0892423e-03
   4.0000000e-01   9.9009901e-01   9.2446219e-05   3.8052407e-03
   1.5000000e-01   9.9944994e-01   1.1093546e-04   4.2524786e-03
   2.0000000e-01   9.9064906e-01   1.9182591e-04   3.9917327e-03
   2.5000000e-01   9.9559956e-01   2.3111555e-05   3.2712737e-03
   3.0000000e-01   9.9724972e-01   3.2356177e-05   2.9488851e-03
   3.5000000e-01   9.9889989e-01   1.3866933e-05   2.9379337e-03
   4.0000000e-01   9.9669967e-01   1.3635817e-04   3.4901610e-03
   1.5000000e-01   9.9009901e-01   2.3342670e-04   3.9301227e-03
   2.0000000e-01   9.9614961e-01   2.7733866e-05   3.5307000e-03
   2.5000000e-01   9.9064906e-01   3.4667332e-05   3.2487051e-03
   3.0000000e-01   9.9724972e-01   4.6223110e-06   2.9802004e-03
   3.5000000e-01   9.9724972e-01   9.2446219e-06   3.1450250e-03
   4.0000000e-01   9.8679868e-01   7.6268131e-05   3.6887884e-03
   1.5000000e-01   9.9834983e-01   9.2446219e-06   3.3655038e-03
   2.0000000e-01   9.9669967e-01   9.2446219e-06   3.0504776e-03
   2.5000000e-01   9.8844884e-01   1.6178088e-04   3.1115655e-03
   3.0000000e-01   9.9724972e-01   0.0000000e+00   2.9432760e-03
   3.5000000e-01   9.9779978e-01   2.3111555e-06   3.0239654e-03
   4.0000000e-01   9.9119912e-01   1.1555777e-05   3.3439900e-03
   1.5000000e-01   9.9944994e-01   8.5512753e-05   3.8991434e-03
   2.0000000e-01   9.9834983e-01   1.1555777e-05   3.2050662e-03
   2.5000000e-01   9.9889989e-01   3.2356177e-05   3.1092779e-03
   3.0000000e-01   9.9834983e-01   2.7733866e-05   2.8248850e-03
   3.5000000e-01   9.9944994e-01   3.4667332e-05   2.7623983e-03
   4.0000000e-01   9.9339934e-01   7.6268131e-05   3.4888083e-03
   1.5000000e-01   9.9834983e-01   5.3156576e-05   3.4493739e-03
   2.0000000e-01   9.9834983e-01   4.6223110e-06   3.0436587e-03
   2.5000000e-01   9.9779978e-01   3.6978488e-05   3.1742514e-03
   3.0000000e-01   9.9669967e-01   8.5512753e-05   3.1888165e-03
   3.5000000e-01   9.9669967e-01   0.0000000e+00   2.6857332e-03
   4.0000000e-01   9.8954895e-01   3.4898448e-04   3.7832976e-03
   1.5000000e-01   9.9614961e-01   8.7823908e-05   3.4730758e-03
   2.0000000e-01   1.0000000e+00   2.5422710e-05   3.3169133e-03
   2.5000000e-01   9.8734873e-01   2.5422710e-05   2.9821403e-03
   3.0000000e-01   9.9669967e-01   6.9334665e-06   2.8086335e-03
   3.5000000e-01   9.9779978e-01   0.0000000e+00   2.8243612e-03
   4.0000000e-01   9.9394939e-01   2.3342670e-04   3.6407442e-03
   1.5000000e-01   9.9779978e-01   6.4712354e-05   3.6126741e-03
   2.0000000e-01   9.9834983e-01   9.2446219e-06   3.2021932e-03
   2.5000000e-01   9.9449945e-01   3.9289643e-05   2.9562966e-03
   3.0000000e-01   9.9889989e-01   1.3866933e-05   2.8850929e-03
   3.5000000e-01   9.9834983e-01   0.0000000e+00   3.1157520e-03
   4.0000000e-01   9.9724972e-01   2.7733866e-05   3.5424430e-03
   1.5000000e-01   9.9944994e-01   1.2480240e-04   4.1057095e-03
   2.0000000e-01   9.9889989e-01   6.9334665e-06   3.1488521e-03
   2.5000000e-01   9.8459846e-01   5.0845421e-05   3.5145247e-03
   3.0000000e-01   9.9669967e-01   1.1555777e-05   2.9901840e-03
   3.5000000e-01   9.9779978e-01   1.3866933e-05   3.2182223e-03
   4.0000000e-01   9.9339934e-01   1.0400200e-04   3.6639636e-03
   1.5000000e-01   9.9724972e-01   5.7778887e-05   4.1739359e-03
   2.0000000e-01   1.0000000e+00   2.3111555e-06   3.3064707e-03
   2.5000000e-01   9.9339934e-01   3.0045021e-05   2.9052548e-03
   3.0000000e-01   9.9669967e-01   9.2446219e-06   2.9179672e-03
   3.5000000e-01   9.9834983e-01   0.0000000e+00   3.3451128e-03
   4.0000000e-01   9.9394939e-01   8.0890442e-05   3.6260460e-03
   1.5000000e-01   1.0000000e+00   4.6223110e-06   3.5582159e-03
   2.0000000e-01   9.9504950e-01   3.9289643e-05   3.5276104e-03
   2.5000000e-01   9.9614961e-01   1.5946973e-04   3.7473439e-03
   3.0000000e-01   9.9834983e-01   1.6178088e-05   3.2883358e-03
   3.5000000e-01   9.9724972e-01   0.0000000e+00   2.7357455e-03
   4.0000000e-01   9.9284928e-01   2.7733866e-05   3.4906350e-03
   1.5000000e-01   9.9779978e-01   2.3111555e-05   3.2457574e-03
   2.0000000e-01   9.9449945e-01   7.8579287e-05   3.8606628e-03
   2.5000000e-01   9.9449945e-01   1.1555777e-04   3.2624570e-03
   3.0000000e-01   9.9174917e-01   2.0800399e-05   2.9826199e-03
   3.5000000e-01   9.9834983e-01   2.1724862e-04   3.4365462e-03
   4.0000000e-01   9.9504950e-01   6.7023509e-05   3.4906831e-03
   1.5000000e-01   9.9889989e-01   9.2446219e-06   3.4491752e-03
   2.0000000e-01   9.9889989e-01   2.3111555e-06   3.3874399e-03
   2.5000000e-01   9.9504950e-01   3.0045021e-05   3.3237835e-03
   3.0000000e-01   9.9889989e-01   1.8489244e-05   2.7902746e-03
   3.5000000e-01   9.9724972e-01   0.0000000e+00   3.0887693e-03
   4.0000000e-01   9.9834983e-01   9.0135064e-05   3.4350453e-03
   1.5000000e-01   9.9944994e-01   1.0400200e-04   3.8786357e-03
   2.0000000e-01   9.9889989e-01   1.1555777e-05   3.1805890e-03
   2.5000000e-01   9.9504950e-01   8.7823908e-05   3.4336510e-03
   3.0000000e-01   9.9669967e-01   2.3111555e-06   2.7385421e-03
   3.5000000e-01   9.9889989e-01   0.0000000e+00   3.1171182e-03
   4.0000000e-01   9.9119912e-01   3.4667332e-04   3.8321069e-03
   1.5000000e-01   9.9394939e-01   4.7378687e-04   4.0456638e-03
   2.0000000e-01   9.9889989e-01   0.0000000e+00   3.1052977e-03
   2.5000000e-01   9.9724972e-01   6.2401198e-05   3.0107165e-03
   3.0000000e-01   9.9724972e-01   3.6978488e-05   2.9313428e-03
   3.5000000e-01   9.9834983e-01   6.9334665e-06   3.0988627e-03
   4.0000000e-01   9.9174917e-01   1.0631315e-04   3.7089835e-03
   1.5000000e-01   9.9669967e-01   8.7823908e-05   3.4399076e-03
   2.0000000e-01   9.9834983e-01   0.0000000e+00   3.4693415e-03
   2.5000000e-01   9.9174917e-01   1.0631315e-04   3.5045637e-03
   3.0000000e-01   9.9669967e-01   2.3111555e-06   2.9414290e-03
   3.5000000e-01   9.9779978e-01   2.3111555e-06   3.0572366e-03
   4.0000000e-01   9.9449945e-01   1.5484742e-04   3.5934451e-03
   1.5000000e-01   9.9779978e-01   2.5422710e-05   3.4714559e-03
   2.0000000e-01   9.9779978e-01   2.3111555e-06   3.1369186e-03
   2.5000000e-01   9.9229923e-01   1.3866933e-05   3.1093265e-03
   3.0000000e-01   9.9724972e-01   2.7733866e-05   2.8375022e-03
   3.5000000e-01   9.9944994e-01   9.2446219e-06   3.0330607e-03
   4.0000000e-01   9.9119912e-01   2.3111555e-06   3.5571955e-03
   1.5000000e-01   9.9834983e-01   2.3111555e-06   3.6457443e-03
   2.0000000e-01   9.9944994e-01   1.6178088e-05   3.0215550e-03
   2.5000000e-01   9.8569857e-01   2.7733866e-04   3.6814182e-03
   3.0000000e-01   9.9669967e-01   2.3111555e-06   2.8538863e-03
   3.5000000e-01   9.9669967e-01   1.4791395e-04   3.5784734e-03
   4.0000000e-01   9.8844884e-01   3.0045021e-05   3.8491417e-03
   1.5000000e-01   9.7359736e-01   1.8258128e-04   3.9219636e-03
   2.0000000e-01   9.9889989e-01   2.3111555e-05   3.3291203e-03
   2.5000000e-01   9.9559956e-01   3.4667332e-05   3.1320531e-03
   3.0000000e-01   9.9834983e-01   1.1555777e-05   2.9785000e-03
   3.5000000e-01   9.9889989e-01   1.3866933e-05   3.0716408e-03
   4.0000000e-01   9.9394939e-01   4.1600799e-05   3.3914416e-03
   1.5000000e-01   9.9394939e-01   5.3156576e-05   3.7914051e-03
   2.0000000e-01   9.9614961e-01   1.1555777e-05   3.5159386e-03
   2.5000000e-01   9.9504950e-01   1.3866933e-05   3.0819152e-03
   3.0000000e-01   9.9779978e-01   4.6223110e-06   2.7308865e-03
   3.5000000e-01   9.9504950e-01   1.6178088e-05   3.3804468e-03
   4.0000000e-01   9.8734873e-01   7.1645820e-05   3.8161144e-03
   1.5000000e-01   9.9944994e-01   4.6223110e-06   3.1720978e-03
   2.0000000e-01   9.9614961e-01   1.8489244e-05   2.7998041e-03
   2.5000000e-01   9.9394939e-01   3.0045021e-05   3.3018229e-03
   3.0000000e-01   9.9559956e-01   9.2446219e-06   3.2360334e-03
   3.5000000e-01   9.9779978e-01   2.3111555e-06   3.0384134e-03
   4.0000000e-01   9.8899890e-01   8.7823908e-05   3.9153724e-03
   1.5000000e-01   9.9889989e-01   2.5422710e-05   3.3704718e-03
   2.0000000e-01   9.9779978e-01   4.6223110e-06   2.8485723e-03
   2.5000000e-01   9.8789879e-01   2.7733866e-05   3.1635978e-03
   3.0000000e-01   9.9449945e-01   2.3111555e-06   2.7040902e-03
   3.5000000e-01   9.9779978e-01   0.0000000e+00   3.0052513e-03
   4.0000000e-01   9.8404840e-01   6.0090043e-05   3.3999651e-03
   1.5000000e-01   9.9669967e-01   9.9379686e-05   3.7987911e-03
   2.0000000e-01   9.9779978e-01   1.8489244e-05   3.3146169e-03
   2.5000000e-01   9.9614961e-01   6.0090043e-05   3.2754448e-03
   3.0000000e-01   9.9724972e-01   1.6178088e-05   2.7460006e-03
   3.5000000e-01   9.9834983e-01   4.6223110e-06   3.0137506e-03
   4.0000000e-01   9.9559956e-01   4.1600799e-05   3.4857834e-03
   1.5000000e-01   9.9614961e-01   4.3911954e-05   3.8121633e-03
   2.0000000e-01   1.0000000e+00   1.6178088e-05   3.1177561e-03
   2.5000000e-01   9.9559956e-01   6.0090043e-05   3.2559240e-03
   3.0000000e-01   9.9779978e-01   4.6223110e-06   2.7587905e-03
   3.5000000e-01   9.9724972e-01   6.9334665e-06   3.3250028e-03
   4.0000000e-01   9.9119912e-01   1.1555777e-05   3.3052785e-03
   1.5000000e-01   9.9889989e-01   2.3111555e-05   3.5289102e-03
   2.0000000e-01   9.9119912e-01   9.2446219e-05   3.4688323e-03
   2.5000000e-01   9.9284928e-01   4.1600799e-05   3.0456904e-03
   3.0000000e-01   9.9779978e-01   4.3911954e-05   2.7730302e-03
   3.5000000e-01   9.9779978e-01   2.3111555e-06   2.8726969e-03
   4.0000000e-01   9.8624862e-01   1.2018009e-04   3.5861250e-03
   1.5000000e-01   9.9944994e-01   6.0090043e-05   3.3692030e-03
   2.0000000e-01   1.0000000e+00   1.1555777e-05   3.3024208e-03
   2.5000000e-01   9.9834983e-01   6.9334665e-06   3.1273927e-03
   3.0000000e-01   9.9504950e-01   8.7823908e-05   3.4628480e-03
   3.5000000e-01   9.9779978e-01   0.0000000e+00   2.9117173e-03
   4.0000000e-01   9.9449945e-01   6.9334665e-06   3.6676191e-03
   1.5000000e-01   9.9394939e-01   5.6161078e-04   3.8494584e-03
   2.0000000e-01   9.9669967e-01   0.0000000e+00   3.1170552e-03
   2.5000000e-01   9.9394939e-01   3.2356177e-05   3.2952205e-03
   3.0000000e-01   9.9724972e-01   1.2480240e-04   3.1414628e-03
   3.5000000e-01   9.9834983e-01   4.6223110e-06   2.9766007e-03
   4.0000000e-01   9.9504950e-01   8.0890442e-05   3.4506838e-03
   1.5000000e-01   9.9834983e-01   2.3111555e-06   3.7112981e-03
   2.0000000e-01   9.9064906e-01   7.1645820e-05   3.4110986e-03
   2.5000000e-01   9.9229923e-01   1.8489244e-04   3.0716501e-03
   3.0000000e-01   9.9724972e-01   1.5484742e-04   3.2279810e-03
   3.5000000e-01   9.9284928e-01   8.3201597e-05   3.3897501e-03
   4.0000000e-01   9.7744774e-01   2.2880439e-04   3.9647995e-03
   1.5000000e-01   9.9724972e-01   0.0000000e+00   3.3311223e-03
   2.0000000e-01   9.9889989e-01   1.1555777e-05   3.1259170e-03
   2.5000000e-01   9.8899890e-01   3.4667332e-05   3.2168424e-03
   3.0000000e-01   9.9944994e-01   2.0800399e-05   2.7539280e-03
   3.5000000e-01   9.9504950e-01   4.6223110e-06   3.2465416e-03
   4.0000000e-01   9.9174917e-01   4.6223110e-05   3.5237080e-03
   1.5000000e-01   9.9944994e-01   7.1645820e-05   3.2943695e-03
   2.0000000e-01   9.9724972e-01   0.0000000e+00   3.1051229e-03
   2.5000000e-01   9.9119912e-01   3.6978488e-05   3.1300506e-03
   3.0000000e-01   9.9779978e-01   1.3866933e-05   3.1572450e-03
   3.5000000e-01   9.9724972e-01   5.5467732e-05   3.3689485e-03
   4.0000000e-01   9.8239824e-01   1.8489244e-04   3.7922113e-03
   1.5000000e-01   9.9779978e-01   1.4098048e-04   3.5833483e-03
   2.0000000e-01   9.9889989e-01   2.3111555e-05   2.8509700e-03
   2.5000000e-01   9.9174917e-01   2.3804901e-04   3.4804454e-03
   3.0000000e-01   9.9834983e-01   6.9334665e-06   2.9337438e-03
   3.5000000e-01   9.9779978e-01   4.6223110e-06   3.2154360e-03
   4.0000000e-01   9.9174917e-01   1.8489244e-05   3.5027660e-03
   1.5000000e-01   9.9889989e-01   1.6178088e-05   3.7412891e-03
   2.0000000e-01   9.9944994e-01   0.0000000e+00   3.0309309e-03
   2.5000000e-01   9.9614961e-01   6.4712354e-05   3.4621140e-03
   3.0000000e-01   9.9339934e-01   1.4098048e-04   3.4514848e-03
   3.5000000e-01   9.9889989e-01   0.0000000e+00   3.1692139e-03
   4.0000000e-01   9.8899890e-01   6.1938967e-04   4.3509496e-03
   1.5000000e-01   9.9779978e-01   1.8489244e-05   3.9167889e-03
   2.0000000e-01   9.9779978e-01   1.8489244e-05   3.2148606e-03
   2.5000000e-01   9.9394939e-01   6.2401198e-05   3.1043187e-03
   3.0000000e-01   9.9559956e-01   2.3111555e-06   2.9760248e-03
   3.5000000e-01   9.9724972e-01   0.0000000e+00   2.9834507e-03
   4.0000000e-01   9.9834983e-01   1.6178088e-05   3.7938822e-03
   1.5000000e-01   9.9339934e-01   2.1724862e-04   3.7141567e-03
   2.0000000e-01   9.9834983e-01   6.9334665e-06   3.1444682e-03
   2.5000000e-01   9.9504950e-01   7.3956976e-05   3.5979480e-03
   3.0000000e-01   9.9614961e-01   9.7068530e-05   3.2294523e-03
   3.5000000e-01   9.9669967e-01   0.0000000e+00   2.9252741e-03
   4.0000000e-01   9.8844884e-01   2.3111555e-05   3.3353630e-03
   1.5000000e-01   9.9834983e-01   8.0890442e-05   3.7552153e-03
   2.0000000e-01   9.9834983e-01   2.3111555e-06   3.1138826e-03
   2.5000000e-01   9.9614961e-01   2.7733866e-05   3.2644398e-03
   3.0000000e-01   9.9559956e-01   3.9289643e-05   2.7489297e-03
   3.5000000e-01   9.9834983e-01   2.3111555e-06   3.1029214e-03
   4.0000000e-01   9.9449945e-01   4.6223110e-05   3.3536136e-03
   1.5000000e-01   9.9559956e-01   1.1324662e-04   3.9051367e-03
   2.0000000e-01   9.9889989e-01   2.3111555e-06   3.3032823e-03
   2.5000000e-01   9.8294829e-01   3.0969484e-04   3.4642129e-03
   3.0000000e-01   9.9614961e-01   6.9334665e-06   2.9855495e-03
   3.5000000e-01   9.9779978e-01   0.0000000e+00   2.9533387e-03
   4.0000000e-01   9.9779978e-01   5.3156576e-05   3.3092019e-03
   1.5000000e-01   9.9394939e-01   2.6578288e-04   3.6678067e-03
   2.0000000e-01   1.0000000e+00   1.3866933e-05   3.2407052e-03
   2.5000000e-01   9.8844884e-01   6.2401198e-05   3.3351516e-03
   3.0000000e-01   9.9779978e-01   3.4667332e-05   2.7437295e-03
   3.5000000e-01   9.9504950e-01   4.8534265e-05   3.2970086e-03
   4.0000000e-01   9.9394939e-01   1.9182591e-04   3.5326831e-03
   1.5000000e-01   9.9889989e-01   3.9289643e-05   3.4628964e-03
   2.0000000e-01   9.9889989e-01   9.2446219e-06   3.1688678e-03
   2.5000000e-01   9.8679868e-01   8.3201597e-05   3.4393339e-03
   3.0000000e-01   9.9669967e-01   1.8489244e-05   3.0373327e-03
   3.5000000e-01   9.9724972e-01   2.5422710e-05   3.1754775e-03
   4.0000000e-01   9.9559956e-01   1.1555777e-05   3.7409355e-03
   1.5000000e-01   9.9889989e-01   9.2446219e-05   3.9348246e-03
   2.0000000e-01   1.0000000e+00   4.6223110e-06   2.9874928e-03
   2.5000000e-01   9.9339934e-01   2.5422710e-05   3.0752373e-03
   3.0000000e-01   9.9834983e-01   6.7023509e-05   3.3378492e-03
   3.5000000e-01   9.9614961e-01   0.0000000e+00   3.1630387e-03
   4.0000000e-01   9.9284928e-01   6.9334665e-05   3.3592630e-03
   1.5000000e-01   9.9559956e-01   1.1555777e-05   3.4469012e-03
   2.0000000e-01   9.9889989e-01   6.9334665e-06   3.4000298e-03
   2.5000000e-01   9.9669967e-01   9.9379686e-05   3.0827387e-03
   3.0000000e-01   9.9779978e-01   6.9334665e-06   2.8125649e-03
   3.5000000e-01   9.9779978e-01   4.6223110e-06   3.0595043e-03
   4.0000000e-01   9.9064906e-01   3.0045021e-04   3.6197884e-03
   1.5000000e-01   9.9889989e-01   4.6223110e-05   3.5858660e-03
   2.0000000e-01   9.9834983e-01   2.3111555e-06   2.8840242e-03
   2.5000000e-01   9.9449945e-01   2.3111555e-06   2.9475529e-03
   3.0000000e-01   9.9834983e-01   3.2356177e-05   3.0195440e-03
   3.5000000e-01   9.9669967e-01   9.2446219e-06   2.9201851e-03
   4.0000000e-01   9.9174917e-01   1.3866933e-05   3.2286229e-03
   1.5000000e-01   9.9669967e-01   6.2401198e-05   3.3124945e-03
   2.0000000e-01   9.9944994e-01   9.2446219e-06   3.1168467e-03
   2.5000000e-01   9.9669967e-01   7.1645820e-05   3.1726873e-03
   3.0000000e-01   9.9614961e-01   9.2446219e-06   2.6825139e-03
   3.5000000e-01   9.9834983e-01   2.3111555e-06   3.1847011e-03
   4.0000000e-01   9.9394939e-01   9.2446219e-06   3.8533454e-03
   1.5000000e-01   9.9724972e-01   7.8579287e-05   3.4755565e-03
   2.0000000e-01   9.9669967e-01   3.0045021e-05   3.3329277e-03
   2.5000000e-01   9.9559956e-01   4.8534265e-05   3.6920936e-03
   3.0000000e-01   9.9559956e-01   6.9334665e-06   3.0203402e-03
   3.5000000e-01   9.9724972e-01   1.6178088e-05   2.9712860e-03
   4.0000000e-01   9.9614961e-01   1.1555777e-05   3.4733563e-03
   1.5000000e-01   9.9724972e-01   0.0000000e+00   3.5225922e-03
   2.0000000e-01   9.9394939e-01   2.5422710e-05   3.0555716e-03
   2.5000000e-01   9.9394939e-01   1.8489244e-04   3.0049130e-03
   3.0000000e-01   9.9559956e-01   0.0000000e+00   2.8072816e-03
   3.5000000e-01   9.9614961e-01   6.9334665e-06   2.8122379e-03
   4.0000000e-01   9.8679868e-01   1.4098048e-04   3.8057878e-03
   1.5000000e-01   9.9779978e-01   9.9379686e-05   3.6800457e-03
   2.0000000e-01   9.9724972e-01   4.6223110e-06   3.1823489e-03
   2.5000000e-01   9.8624862e-01   3.2356177e-05   3.9156416e-03
   3.0000000e-01   9.9779978e-01   6.9334665e-06   2.9546777e-03
   3.5000000e-01   9.9614961e-01   0.0000000e+00   3.0396413e-03
   4.0000000e-01   9.9559956e-01   4.8534265e-05   3.8100674e-03
   1.5000000e-01   1.0000000e+00   6.9334665e-06   3.5777030e-03
   2.0000000e-01   9.9944994e-01   5.7778887e-05   3.1131210e-03
   2.5000000e-01   9.9449945e-01   4.8534265e-05   3.0937009e-03
   3.0000000e-01   9.9614961e-01   2.3111555e-05   3.0035088e-03
   3.5000000e-01   9.9669967e-01   4.6223110e-06   3.1551479e-03
   4.0000000e-01   9.9449945e-01   1.5715857e-04   3.8749454e-03
   1.5000000e-01   9.9504950e-01   2.8196097e-04   3.8425722e-03
   2.0000000e-01   9.9889989e-01   2.3111555e-06   3.2154479e-03
   2.5000000e-01   9.9229923e-01   3.2356177e-05   3.0335409e-03
   3.0000000e-01   9.9834983e-01   3.4667332e-05   3.1828915e-03
   3.5000000e-01   9.9779978e-01   2.3111555e-06   2.9165160e-03
   4.0000000e-01   9.8844884e-01   5.0845421e-05   3.3068046e-03
   1.5000000e-01   9.9889989e-01   4.1600799e-05   3.5341628e-03
   2.0000000e-01   9.9834983e-01   1.6178088e-05   3.4407146e-03
   2.5000000e-01   9.9504950e-01   4.8534265e-05   3.2442153e-03
   3.0000000e-01   9.9779978e-01   6.9334665e-06   2.9573708e-03
   3.5000000e-01   9.9724972e-01   0.0000000e+00   2.9789728e-03
   4.0000000e-01   9.9614961e-01   1.2711355e-04   3.6352093e-03
   1.5000000e-01   9.9834983e-01   1.8489244e-05   3.4759293e-03
   2.0000000e-01   9.9834983e-01   1.6178088e-05   3.5051362e-03
   2.5000000e-01   9.9724972e-01   4.8534265e-05   3.0915280e-03
   3.0000000e-01   9.9779978e-01   1.1555777e-05   2.9892670e-03
   3.5000000e-01   9.9834983e-01   3.2356177e-05   3.2217533e-03
   4.0000000e-01   9.9009901e-01   2.9582790e-04   3.7384422e-03
   1.5000000e-01   9.9944994e-01   2.0800399e-04   3.5096926e-03
   2.0000000e-01   9.9449945e-01   1.8489244e-05   3.4051989e-03
   2.5000000e-01   9.9339934e-01   1.5022511e-04   3.1208382e-03
   3.0000000e-01   9.9669967e-01   1.1555777e-05   3.1614235e-03
   3.5000000e-01   9.9724972e-01   0.0000000e+00   3.4066134e-03
   4.0000000e-01   9.9119912e-01   2.5422710e-05   3.4153644e-03
   1.5000000e-01   9.9779978e-01   3.0045021e-05   3.9893309e-03
   2.0000000e-01   9.9944994e-01   2.5422710e-05   3.4134357e-03
   2.5000000e-01   9.9504950e-01   3.6978488e-05   3.3550904e-03
   3.0000000e-01   9.9724972e-01   6.9334665e-06   3.2318914e-03
   3.5000000e-01   9.9724972e-01   2.0800399e-05   3.1177792e-03
   4.0000000e-01   9.9449945e-01   6.9334665e-05   3.3901631e-03
   1.5000000e-01   9.9889989e-01   9.2446219e-06   3.8276850e-03
   2.0000000e-01   9.9944994e-01   1.3866933e-05   3.5079422e-03
   2.5000000e-01   9.8844884e-01   1.8489244e-05   3.2529833e-03
   3.0000000e-01   9.9834983e-01   2.5422710e-05   2.5996653e-03
   3.5000000e-01   9.9669967e-01   3.2356177e-05   3.1168991e-03
   4.0000000e-01   9.9614961e-01   5.7778887e-05   3.3611918e-03
   1.5000000e-01   9.9889989e-01   2.7733866e-05   3.4191936e-03
   2.0000000e-01   9.9779978e-01   3.9289643e-05   3.4377826e-03
   2.5000000e-01   9.9229923e-01   5.3156576e-05   3.1367588e-03
   3.0000000e-01   9.9834983e-01   5.3156576e-05   2.9287338e-03
   3.5000000e-01   9.9834983e-01   1.3866933e-05   3.0508983e-03
   4.0000000e-01   9.9614961e-01   8.0890442e-05   3.6207462e-03
   1.5000000e-01   9.9834983e-01   5.7778887e-05   3.5981910e-03
   2.0000000e-01   9.9724972e-01   2.3111555e-05   3.2032852e-03
   2.5000000e-01   9.9614961e-01   1.3866933e-05   3.0844115e-03
   3.0000000e-01   9.9724972e-01   1.1555777e-05   2.8627448e-03
   3.5000000e-01   9.9559956e-01   2.5422710e-05   3.2827861e-03
   4.0000000e-01   9.8734873e-01   3.6516257e-04   3.9193452e-03
   1.5000000e-01   9.9834983e-01   1.2018009e-04   3.6390071e-03
   2.0000000e-01   9.9834983e-01   2.3111555e-06   2.9890548e-03
   2.5000000e-01   1.0000000e+00   1.2249124e-04   3.4808209e-03
   3.0000000e-01   9.9724972e-01   2.5422710e-05   3.0546022e-03
   3.5000000e-01   9.9889989e-01   1.8489244e-05   3.1956800e-03
   4.0000000e-01   9.9724972e-01   8.3201597e-05   3.7219449e-03
   1.5000000e-01   9.9174917e-01   5.7778887e-05   3.5997584e-03
   2.0000000e-01   9.9834983e-01   2.3111555e-06   2.9230545e-03
   2.5000000e-01   9.9449945e-01   2.3111555e-05   3.0898509e-03
   3.0000000e-01   9.9779978e-01   2.0800399e-05   2.7690620e-03
   3.5000000e-01   9.9779978e-01   2.3111555e-06   3.0493827e-03
   4.0000000e-01   9.8074807e-01   3.4436217e-04   3.9053187e-03
   1.5000000e-01   9.8624862e-01   1.2480240e-04   3.6877554e-03
   2.0000000e-01   9.9724972e-01   2.3111555e-06   3.1889175e-03
   2.5000000e-01   9.8404840e-01   3.8365181e-04   3.5525627e-03
   3.0000000e-01   9.9724972e-01   6.9334665e-06   2.6471132e-03
   3.5000000e-01   9.9669967e-01   4.6223110e-06   3.2607570e-03
   4.0000000e-01   9.9669967e-01   8.5512753e-05   3.6576478e-03
   1.5000000e-01   9.9779978e-01   1.9644822e-04   3.6652606e-03
   2.0000000e-01   9.9834983e-01   0.0000000e+00   3.1086126e-03
   2.5000000e-01   9.9339934e-01   2.7733866e-05   3.4353192e-03
   3.0000000e-01   9.9669967e-01   1.1555777e-05   2.7942047e-03
   3.5000000e-01   9.9834983e-01   6.9334665e-06   3.5865563e-03
   4.0000000e-01   9.9504950e-01   5.0845421e-05   3.6721522e-03
   1.5000000e-01   9.9724972e-01   2.5422710e-05   3.5507227e-03
   2.0000000e-01   9.9889989e-01   1.6178088e-05   3.3260356e-03
   2.5000000e-01   9.9174917e-01   2.0800399e-05   2.9389683e-03
   3.0000000e-01   9.9614961e-01   2.3111555e-06   3.0655555e-03
   3.5000000e-01   9.9724972e-01   1.8489244e-04   3.6136283e-03
   4.0000000e-01   9.9504950e-01   1.3866933e-05   3.6178439e-03
   1.5000000e-01   9.9834983e-01   5.3156576e-05   3.5544331e-03
   2.0000000e-01   9.9009901e-01   3.1200599e-04   3.8177459e-03
   2.5000000e-01   9.8954895e-01   1.1093546e-04   3.4499375e-03
   3.0000000e-01   9.9449945e-01   4.6223110e-06   3.1924892e-03
   3.5000000e-01   9.9779978e-01   3.2356177e-05   3.1163944e-03
   4.0000000e-01   9.9284928e-01   5.3156576e-05   3.7427156e-03
   1.5000000e-01   9.9559956e-01   1.1093546e-04   3.7295813e-03
   2.0000000e-01   9.9944994e-01   1.3866933e-05   2.9455959e-03
   2.5000000e-01   9.8734873e-01   4.6223110e-06   3.3292042e-03
   3.0000000e-01   9.9779978e-01   2.2880439e-04   3.0958682e-03
   3.5000000e-01   9.9779978e-01   0.0000000e+00   3.6774765e-03
   4.0000000e-01   9.9394939e-01   4.2525261e-04   3.6136135e-03
   1.5000000e-01   9.9889989e-01   4.1600799e-05   3.4862997e-03
   2.0000000e-01   9.9834983e-01   5.7778887e-05   3.7670391e-03
   2.5000000e-01   9.9614961e-01   7.3956976e-05   3.0246266e-03
   3.0000000e-01   9.9064906e-01   1.8720359e-04   3.1184939e-03
   3.5000000e-01   9.9724972e-01   2.3111555e-06   3.1113804e-03
   4.0000000e-01   9.9284928e-01   1.3866933e-04   3.5508364e-03
   1.5000000e-01   9.9229923e-01   2.6347173e-04   3.7590987e-03
   2.0000000e-01   9.9724972e-01   4.6223110e-05   3.4141854e-03
   2.5000000e-01   9.9339934e-01   1.1555777e-05   3.1410855e-03
   3.0000000e-01   9.9614961e-01   4.6223110e-06   2.9287334e-03
   3.5000000e-01   9.9449945e-01   6.9334665e-05   3.1567431e-03
   4.0000000e-01   9.9119912e-01   1.0631315e-04   3.2068697e-03
   1.5000000e-01   9.9614961e-01   1.8027013e-04   3.6370846e-03
   2.0000000e-01   9.9889989e-01   2.5422710e-05   3.0607604e-03
   2.5000000e-01   9.8239824e-01   4.5067532e-04   3.6608964e-03
   3.0000000e-01   9.9779978e-01   4.6223110e-06   2.7597489e-03
   3.5000000e-01   9.9779978e-01   3.0045021e-05   3.2863839e-03
   4.0000000e-01   9.8514851e-01   3.9289643e-05   3.9154507e-03
   1.5000000e-01   9.9449945e-01   1.8489244e-04   3.8003145e-03
   2.0000000e-01   9.9779978e-01   2.3111555e-06   2.7760945e-03
   2.5000000e-01   9.8954895e-01   1.6178088e-04   3.7079271e-03
   3.0000000e-01   9.9779978e-01   2.0800399e-05   2.8593198e-03
   3.5000000e-01   9.9834983e-01   0.0000000e+00   2.7891990e-03
   4.0000000e-01   9.9284928e-01   8.3201597e-05   3.7178302e-03
   1.5000000e-01   9.9944994e-01   1.8489244e-05   3.8077073e-03
   2.0000000e-01   9.9229923e-01   8.3201597e-05   3.3839947e-03
   2.5000000e-01   9.8899890e-01   6.4250122e-04   3.4593331e-03
   3.0000000e-01   9.9779978e-01   6.9334665e-05   3.0179814e-03
   3.5000000e-01   9.9834983e-01   0.0000000e+00   3.0502137e-03
   4.0000000e-01   9.9119912e-01   9.7068530e-05   3.4360107e-03
   1.5000000e-01   9.9174917e-01   3.4667332e-04   3.9212390e-03
   2.0000000e-01   9.9779978e-01   6.9334665e-06   3.5829391e-03
   2.5000000e-01   9.9064906e-01   1.2249124e-04   3.1914083e-03
   3.0000000e-01   9.9724972e-01   2.5422710e-05   2.7184036e-03
   3.5000000e-01   9.9669967e-01   8.0890442e-05   3.0738755e-03
   4.0000000e-01   9.8569857e-01   5.0845421e-05   3.8188232e-03
   1.5000000e-01   9.9944994e-01   9.2446219e-05   3.8572835e-03
   2.0000000e-01   9.9834983e-01   2.0800399e-05   3.0829376e-03
   2.5000000e-01   9.9614961e-01   3.4667332e-05   3.1879445e-03
   3.0000000e-01   9.9779978e-01   0.0000000e+00   2.6489164e-03
   3.5000000e-01   9.9779978e-01   3.6978488e-05   3.3302894e-03
   4.0000000e-01   9.9394939e-01   3.0045021e-05   3.4657813e-03
   1.5000000e-01   9.9614961e-01   2.9813906e-04   3.7142517e-03
   2.0000000e-01   9.9559956e-01   3.2356177e-05   3.7329188e-03
   2.5000000e-01   9.9834983e-01   0.0000000e+00   3.4558428e-03
   3.0000000e-01   9.9724972e-01   2.0800399e-05   3.4163786e-03
   3.5000000e-01   9.9724972e-01   0.0000000e+00   3.1893483e-03
   4.0000000e-01   9.8624862e-01   2.0800399e-05   3.4413863e-03
   1.5000000e-01   9.9064906e-01   1.2711355e-04   3.6182956e-03
   2.0000000e-01   9.9724972e-01   6.9334665e-06   3.2418286e-03
   2.5000000e-01   9.8679868e-01   1.5484742e-04   3.8806419e-03
   3.0000000e-01   9.9779978e-01   4.3911954e-05   2.9165683e-03
   3.5000000e-01   9.9889989e-01   5.0845421e-05   3.3183753e-03
   4.0000000e-01   9.8899890e-01   4.6223110e-05   3.6204504e-03
   1.5000000e-01   9.9339934e-01   1.5022511e-04   3.7475211e-03
   2.0000000e-01   9.9944994e-01   0.0000000e+00   2.9990651e-03
   2.5000000e-01   9.9724972e-01   6.2401198e-05   3.1736077e-03
   3.0000000e-01   9.9834983e-01   1.8489244e-05   2.8168814e-03
   3.5000000e-01   9.9889989e-01   9.2446219e-06   3.1549873e-03
   4.0000000e-01   9.9284928e-01   1.8951475e-04   3.6127733e-03
   1.5000000e-01   1.0000000e+00   1.1555777e-05   3.6605967e-03
   2.0000000e-01   9.9889989e-01   4.6223110e-06   2.9960956e-03
   2.5000000e-01   9.9504950e-01   9.2446219e-06   3.2445920e-03
   3.0000000e-01   9.9724972e-01   0.0000000e+00   2.8954279e-03
   3.5000000e-01   9.9724972e-01   1.1555777e-05   3.0285588e-03
   4.0000000e-01   9.9119912e-01   9.4757375e-05   3.3652089e-03
   1.5000000e-01   9.9779978e-01   1.8489244e-05   3.4260557e-03
   2.0000000e-01   9.9779978e-01   1.1555777e-05   3.5239081e-03
   2.5000000e-01   9.9229923e-01   3.4667332e-05   2.9805208e-03
   3.0000000e-01   9.9559956e-01   2.1262630e-04   3.3366632e-03
   3.5000000e-01   9.9779978e-01   1.1555777e-05   2.9973824e-03
   4.0000000e-01   9.8074807e-01   3.3742870e-04   3.9359954e-03
   1.5000000e-01   9.9834983e-01   9.2446219e-06   3.4679693e-03
   2.0000000e-01   9.9944994e-01   0.0000000e+00   3.0232422e-03
   2.5000000e-01   9.9449945e-01   4.6223110e-06   3.3231493e-03
   3.0000000e-01   9.9724972e-01   4.1600799e-05   2.8879066e-03
   3.5000000e-01   9.9834983e-01   1.6178088e-05   3.1214157e-03
   4.0000000e-01   9.9119912e-01   4.3911954e-05   3.5913990e-03
   1.5000000e-01   9.9779978e-01   6.9334665e-06   3.4366056e-03
   2.0000000e-01   9.9889989e-01   0.0000000e+00   3.1707622e-03
   2.5000000e-01   9.9449945e-01   4.1600799e-05   2.9851914e-03
   3.0000000e-01   9.9669967e-01   4.6223110e-06   2.8026144e-03
   3.5000000e-01   9.9779978e-01   1.3866933e-05   2.9138339e-03
   4.0000000e-01   9.9394939e-01   8.0890442e-05   3.7105561e-03
   1.5000000e-01   9.9944994e-01   0.0000000e+00   3.5070979e-03
   2.0000000e-01   9.9834983e-01   6.9334665e-06   3.0119387e-03
   2.5000000e-01   9.9779978e-01   1.3866933e-05   3.1786937e-03
   3.0000000e-01   9.9779978e-01   4.6223110e-06   2.8091635e-03
   3.5000000e-01   9.9889989e-01   2.3111555e-06   2.9625867e-03
   4.0000000e-01   9.9449945e-01   7.3956976e-05   3.6066318e-03
   1.5000000e-01   9.9944994e-01   6.4712354e-05   3.6680082e-03
   2.0000000e-01   9.9889989e-01   4.6223110e-06   3.1112234e-03
   2.5000000e-01   9.9834983e-01   6.9334665e-06   3.2934044e-03
   3.0000000e-01   9.9724972e-01   3.6978488e-05   2.7043811e-03
   3.5000000e-01   9.9724972e-01   1.3866933e-05   3.0936755e-03
   4.0000000e-01   9.9284928e-01   1.0400200e-04   3.4612952e-03
   1.5000000e-01   9.9834983e-01   5.7778887e-05   3.6464821e-03
   2.0000000e-01   9.9944994e-01   9.2446219e-06   3.3226326e-03
   2.5000000e-01   9.9614961e-01   2.7733866e-05   3.0692297e-03
   3.0000000e-01   9.9669967e-01   6.4712354e-05   3.1080045e-03
   3.5000000e-01   9.9724972e-01   0.0000000e+00   2.8648551e-03
   4.0000000e-01   9.9284928e-01   6.9334665e-05   3.3094448e-03
