   1.5000000e-01   9.8624862e-01   1.8489244e-04   3.6315384e-03
   2.0000000e-01   9.9944994e-01   3.4667332e-05   3.0305347e-03
   2.5000000e-01   9.8789879e-01   2.5422710e-05   3.4707375e-03
   3.0000000e-01   9.9889989e-01   1.1555777e-05   2.9987437e-03
   3.5000000e-01   9.9834983e-01   1.6178088e-05   3.1545182e-03
   4.0000000e-01   9.8679868e-01   1.8489244e-04   3.3704290e-03
   1.5000000e-01   9.8844884e-01   1.5946973e-04   3.4950192e-03
   2.0000000e-01   9.9834983e-01   6.9334665e-06   2.8983047e-03
   2.5000000e-01   9.9559956e-01   6.9334665e-05   3.5745952e-03
   3.0000000e-01   9.9669967e-01   2.0800399e-05   2.9526483e-03
   3.5000000e-01   9.9504950e-01   6.9334665e-06   2.8023202e-03
   4.0000000e-01   9.9394939e-01   1.3635817e-04   3.9819141e-03
   1.5000000e-01   9.9889989e-01   1.3404702e-04   3.8004444e-03
   2.0000000e-01   9.9834983e-01   6.9334665e-05   3.3035112e-03
   2.5000000e-01   9.8899890e-01   4.8534265e-05   3.3740001e-03
   3.0000000e-01   9.8514851e-01   5.7778887e-05   3.5211987e-03
   3.5000000e-01   9.9889989e-01   9.2446219e-06   3.0065066e-03
   4.0000000e-01   9.9449945e-01   9.0135064e-05   3.3679123e-03
   1.5000000e-01   9.9559956e-01   3.0045021e-05   3.8263194e-03
   2.0000000e-01   1.0000000e+00   9.2446219e-06   3.1270517e-03
   2.5000000e-01   9.9559956e-01   9.9379686e-05   3.2775322e-03
   3.0000000e-01   9.9669967e-01   1.3866933e-05   2.8300145e-03
   3.5000000e-01   9.9669967e-01   0.0000000e+00   3.0472477e-03
   4.0000000e-01   9.9394939e-01   6.4712354e-05   3.6175618e-03
   1.5000000e-01   9.9724972e-01   4.1369683e-04   3.6785308e-03
   2.0000000e-01   9.9339934e-01   1.9644822e-04   3.7121150e-03
   2.5000000e-01   9.9339934e-01   8.5512753e-05   3.1245236e-03
   3.0000000e-01   9.9669967e-01   9.2446219e-06   2.8125711e-03
   3.5000000e-01   9.9889989e-01   2.3111555e-05   2.9590725e-03
   4.0000000e-01   9.9174917e-01   1.1555777e-04   3.5902550e-03
   1.5000000e-01   9.9889989e-01   1.8489244e-05   3.6042084e-03
   2.0000000e-01   9.9944994e-01   4.6223110e-06   3.3490450e-03
   2.5000000e-01   9.9339934e-01   8.3201597e-05   3.2220112e-03
   3.0000000e-01   9.9669967e-01   0.0000000e+00   3.0520145e-03
   3.5000000e-01   9.9339934e-01   2.3111555e-05   3.2003334e-03
   4.0000000e-01   9.8679868e-01   8.3201597e-05   3.3999026e-03
   1.5000000e-01   9.9229923e-01   7.1645820e-05   3.8624882e-03
   2.0000000e-01   9.9889989e-01   6.9334665e-06   3.0308865e-03
   2.5000000e-01   9.9284928e-01   3.4667332e-05   3.3429296e-03
   3.0000000e-01   9.9504950e-01   2.7733866e-05   2.9498955e-03
   3.5000000e-01   9.9834983e-01   2.3111555e-05   3.3128656e-03
   4.0000000e-01   9.9119912e-01   1.1324662e-04   3.5167224e-03
   1.5000000e-01   9.9834983e-01   9.2446219e-06   3.7786993e-03
   2.0000000e-01   9.8844884e-01   2.5422710e-05   3.2942777e-03
   2.5000000e-01   9.9449945e-01   1.9875937e-04   3.4224797e-03
   3.0000000e-01   9.9614961e-01   4.6223110e-06   2.9863459e-03
   3.5000000e-01   9.9669967e-01   1.8489244e-05   2.9994752e-03
   4.0000000e-01   9.8624862e-01   2.7733866e-04   3.7982924e-03
   1.5000000e-01   9.9669967e-01   1.8489244e-05   4.0033707e-03
   2.0000000e-01   9.9834983e-01   9.7068530e-05   2.9838174e-03
   2.5000000e-01   9.8349835e-01   1.4560280e-04   3.0755047e-03
   3.0000000e-01   9.9559956e-01   3.0045021e-05   2.6248418e-03
   3.5000000e-01   9.9944994e-01   0.0000000e+00   3.0149338e-03
   4.0000000e-01   9.9394939e-01   6.4712354e-05   3.3905367e-03
   1.5000000e-01   9.9834983e-01   2.0800399e-05   3.4153524e-03
   2.0000000e-01   1.0000000e+00   9.2446219e-06   3.1710887e-03
   2.5000000e-01   9.9229923e-01   1.0169084e-04   3.2282399e-03
   3.0000000e-01   9.9669967e-01   0.0000000e+00   2.8758243e-03
   3.5000000e-01   9.9449945e-01   2.3111555e-06   3.2191199e-03
   4.0000000e-01   9.9394939e-01   1.1093546e-04   3.7463228e-03
   1.5000000e-01   9.9724972e-01   3.3742870e-04   3.3905504e-03
   2.0000000e-01   9.9889989e-01   2.3111555e-05   3.1812745e-03
   2.5000000e-01   9.9229923e-01   3.0045021e-05   3.2418639e-03
   3.0000000e-01   9.9669967e-01   2.3111555e-05   2.8502384e-03
   3.5000000e-01   9.9834983e-01   0.0000000e+00   3.0731161e-03
   4.0000000e-01   9.9174917e-01   2.5422710e-05   3.6125469e-03
   1.5000000e-01   9.9834983e-01   1.7795897e-04   3.5368101e-03
   2.0000000e-01   9.9559956e-01   1.8489244e-05   2.8851896e-03
   2.5000000e-01   9.7854785e-01   2.0338168e-04   3.7648583e-03
   3.0000000e-01   9.9834983e-01   4.8534265e-05   2.8240641e-03
   3.5000000e-01   9.9339934e-01   1.6409204e-04   3.2945499e-03
   4.0000000e-01   9.9394939e-01   1.5253626e-04   3.7151884e-03
   1.5000000e-01   9.9889989e-01   8.3201597e-05   3.7533356e-03
   2.0000000e-01   9.9944994e-01   1.8489244e-05   3.0148521e-03
   2.5000000e-01   9.9394939e-01   1.8258128e-04   3.4066739e-03
   3.0000000e-01   9.9779978e-01   3.0045021e-05   3.0306626e-03
   3.5000000e-01   9.9394939e-01   3.9289643e-05   3.1718660e-03
   4.0000000e-01   9.9229923e-01   1.3866933e-04   3.7305224e-03
   1.5000000e-01   9.9779978e-01   4.1600799e-05   3.9783127e-03
   2.0000000e-01   9.9669967e-01   6.9334665e-05   3.4995910e-03
   2.5000000e-01   9.9834983e-01   1.8489244e-05   3.1610185e-03
   3.0000000e-01   9.9614961e-01   2.3111555e-06   2.7862495e-03
   3.5000000e-01   9.9724972e-01   0.0000000e+00   2.8488721e-03
   4.0000000e-01   9.9559956e-01   3.3511755e-04   3.6882488e-03
   1.5000000e-01   9.7524752e-01   2.1493746e-04   3.7386506e-03
   2.0000000e-01   9.9889989e-01   1.6178088e-05   3.0483234e-03
   2.5000000e-01   9.9669967e-01   3.2356177e-05   3.0587116e-03
   3.0000000e-01   9.9834983e-01   1.3866933e-05   2.9100152e-03
   3.5000000e-01   9.9834983e-01   0.0000000e+00   2.9548677e-03
   4.0000000e-01   9.8954895e-01   6.0090043e-05   3.4786888e-03
   1.5000000e-01   9.9339934e-01   1.0169084e-04   3.7507531e-03
   2.0000000e-01   9.9889989e-01   0.0000000e+00   3.0388191e-03
   2.5000000e-01   9.9724972e-01   1.4329164e-04   3.0178089e-03
   3.0000000e-01   9.9504950e-01   1.8489244e-05   2.5917740e-03
   3.5000000e-01   9.9779978e-01   2.3111555e-06   2.9836955e-03
   4.0000000e-01   9.8899890e-01   1.9644822e-04   3.8754408e-03
   1.5000000e-01   9.9669967e-01   7.8579287e-05   3.4834563e-03
   2.0000000e-01   9.9724972e-01   1.6178088e-05   3.1145144e-03
   2.5000000e-01   9.9669967e-01   2.8658328e-04   3.3432183e-03
   3.0000000e-01   9.9724972e-01   1.8489244e-05   3.0149502e-03
   3.5000000e-01   9.9779978e-01   0.0000000e+00   3.1060776e-03
   4.0000000e-01   9.9394939e-01   1.4560280e-04   3.5491100e-03
   1.5000000e-01   9.9889989e-01   9.2446219e-06   3.2403737e-03
   2.0000000e-01   9.9779978e-01   6.0090043e-05   3.4044411e-03
   2.5000000e-01   9.9834983e-01   3.0045021e-05   3.1604962e-03
   3.0000000e-01   9.9779978e-01   6.7023509e-05   2.9825468e-03
   3.5000000e-01   9.9834983e-01   2.3111555e-06   2.8978944e-03
   4.0000000e-01   9.9449945e-01   2.9813906e-04   3.6986349e-03
   1.5000000e-01   9.9724972e-01   5.7778887e-05   3.6824381e-03
   2.0000000e-01   9.9944994e-01   4.6223110e-05   3.3739253e-03
   2.5000000e-01   9.8294829e-01   1.5946973e-04   3.2431571e-03
   3.0000000e-01   9.9449945e-01   4.1600799e-04   3.4277726e-03
   3.5000000e-01   9.9779978e-01   1.1555777e-05   3.1829820e-03
   4.0000000e-01   9.9229923e-01   4.6685341e-04   3.9151774e-03
   1.5000000e-01   9.9449945e-01   1.1093546e-04   3.7738526e-03
   2.0000000e-01   9.9834983e-01   1.1555777e-05   3.4480078e-03
   2.5000000e-01   9.9174917e-01   2.3111555e-05   3.3234075e-03
   3.0000000e-01   9.9724972e-01   9.2446219e-06   2.8335399e-03
   3.5000000e-01   9.9614961e-01   9.0135064e-05   3.0732836e-03
   4.0000000e-01   9.8899890e-01   9.7068530e-05   3.5515543e-03
   1.5000000e-01   9.9504950e-01   1.0631315e-04   3.6634428e-03
   2.0000000e-01   9.9834983e-01   2.0800399e-05   3.3322944e-03
   2.5000000e-01   9.9614961e-01   7.1645820e-05   3.2256202e-03
   3.0000000e-01   9.9724972e-01   2.3111555e-06   2.9836241e-03
   3.5000000e-01   9.9724972e-01   6.4712354e-05   3.3892372e-03
   4.0000000e-01   9.9119912e-01   6.0090043e-05   3.7052426e-03
   1.5000000e-01   9.9944994e-01   6.4712354e-05   3.7665391e-03
   2.0000000e-01   9.9779978e-01   4.6223110e-06   3.0482001e-03
   2.5000000e-01   9.8734873e-01   4.6223110e-05   3.1789696e-03
   3.0000000e-01   9.9779978e-01   4.6223110e-06   2.7060393e-03
   3.5000000e-01   9.9504950e-01   4.6223110e-06   2.9102646e-03
   4.0000000e-01   9.9284928e-01   1.5484742e-04   3.4688736e-03
   1.5000000e-01   9.9779978e-01   1.4329164e-04   3.9962835e-03
   2.0000000e-01   9.9724972e-01   1.6178088e-05   3.1171481e-03
   2.5000000e-01   9.9614961e-01   8.0890442e-05   3.4302109e-03
   3.0000000e-01   9.9889989e-01   1.6178088e-05   2.8438545e-03
   3.5000000e-01   9.9009901e-01   6.2401198e-05   3.1065428e-03
   4.0000000e-01   9.8404840e-01   8.3201597e-05   3.6205807e-03
   1.5000000e-01   9.9339934e-01   9.2446219e-06   3.8716304e-03
   2.0000000e-01   9.9449945e-01   1.1093546e-04   3.6762909e-03
   2.5000000e-01   9.8624862e-01   2.4960479e-04   3.5233851e-03
   3.0000000e-01   9.9779978e-01   5.7778887e-05   3.0914556e-03
   3.5000000e-01   9.9394939e-01   1.3173586e-04   3.5242550e-03
   4.0000000e-01   9.9724972e-01   5.7778887e-05   3.7877476e-03
   1.5000000e-01   9.9724972e-01   1.0631315e-04   3.8529818e-03
   2.0000000e-01   9.9834983e-01   2.5422710e-05   3.4948984e-03
   2.5000000e-01   9.9119912e-01   1.7102551e-04   3.1567462e-03
   3.0000000e-01   9.9614961e-01   1.8489244e-05   2.8913329e-03
   3.5000000e-01   9.9669967e-01   1.3866933e-05   3.3413982e-03
   4.0000000e-01   9.9064906e-01   2.7502750e-04   3.5541144e-03
   1.5000000e-01   9.9339934e-01   6.9334665e-05   3.6786991e-03
   2.0000000e-01   9.9779978e-01   3.4667332e-05   3.5538121e-03
   2.5000000e-01   9.9394939e-01   3.6978488e-05   3.1998578e-03
   3.0000000e-01   9.9834983e-01   2.0800399e-05   3.0822892e-03
   3.5000000e-01   9.9724972e-01   2.0800399e-05   3.0696561e-03
   4.0000000e-01   9.9504950e-01   6.0090043e-05   3.5498526e-03
   1.5000000e-01   9.9614961e-01   5.7778887e-05   3.4255290e-03
   2.0000000e-01   9.9944994e-01   2.3111555e-05   3.2827172e-03
   2.5000000e-01   9.8404840e-01   3.9751874e-04   3.1629292e-03
   3.0000000e-01   9.9504950e-01   7.3956976e-05   3.3019270e-03
   3.5000000e-01   9.9779978e-01   1.2249124e-04   3.1826470e-03
   4.0000000e-01   9.8789879e-01   4.6916456e-04   3.8700216e-03
   1.5000000e-01   9.9779978e-01   2.7733866e-05   3.8636877e-03
   2.0000000e-01   9.9889989e-01   3.0045021e-05   3.2235967e-03
   2.5000000e-01   9.9669967e-01   8.3201597e-05   3.4149967e-03
   3.0000000e-01   9.9229923e-01   3.2356177e-05   2.9908390e-03
   3.5000000e-01   9.9724972e-01   0.0000000e+00   3.0284854e-03
   4.0000000e-01   9.8459846e-01   3.0738368e-04   3.5468450e-03
   1.5000000e-01   9.8899890e-01   9.4757375e-05   3.6461352e-03
   2.0000000e-01   9.9944994e-01   2.5422710e-05   3.0347861e-03
   2.5000000e-01   9.9559956e-01   1.3866933e-04   2.8882895e-03
   3.0000000e-01   9.9779978e-01   1.0862431e-04   3.0336425e-03
   3.5000000e-01   9.9889989e-01   2.3111555e-06   2.9913511e-03
   4.0000000e-01   9.9394939e-01   2.1031515e-04   3.3136355e-03
   1.5000000e-01   9.9944994e-01   3.1662830e-04   3.6734315e-03
   2.0000000e-01   9.9339934e-01   1.1555777e-05   3.1629246e-03
   2.5000000e-01   9.9394939e-01   1.7102551e-04   3.2989781e-03
   3.0000000e-01   9.9614961e-01   6.9334665e-06   2.9796008e-03
   3.5000000e-01   9.9779978e-01   9.2446219e-06   3.0807409e-03
   4.0000000e-01   9.9174917e-01   5.0845421e-05   3.9147706e-03
   1.5000000e-01   9.9284928e-01   9.9379686e-05   3.4881234e-03
   2.0000000e-01   9.9889989e-01   3.9289643e-05   3.3407810e-03
   2.5000000e-01   9.9339934e-01   4.8534265e-05   3.1146002e-03
   3.0000000e-01   9.9339934e-01   7.1645820e-05   3.0342986e-03
   3.5000000e-01   9.9944994e-01   1.1555777e-05   3.2604191e-03
   4.0000000e-01   9.9504950e-01   4.3911954e-05   3.6781431e-03
   1.5000000e-01   9.9779978e-01   0.0000000e+00   3.4206250e-03
   2.0000000e-01   9.9944994e-01   3.9289643e-05   2.9877442e-03
   2.5000000e-01   9.9449945e-01   1.8489244e-04   3.0891082e-03
   3.0000000e-01   9.9834983e-01   4.8534265e-05   2.8090727e-03
   3.5000000e-01   9.9779978e-01   0.0000000e+00   2.9609541e-03
   4.0000000e-01   9.9284928e-01   2.3804901e-04   3.7524195e-03
   1.5000000e-01   9.9889989e-01   1.1555777e-04   3.7054890e-03
   2.0000000e-01   9.9724972e-01   1.6178088e-05   3.1100720e-03
   2.5000000e-01   9.9449945e-01   3.6978488e-05   3.3708610e-03
   3.0000000e-01   9.9669967e-01   6.9334665e-06   2.8183784e-03
   3.5000000e-01   9.9834983e-01   6.2401198e-05   3.2001016e-03
   4.0000000e-01   9.8734873e-01   3.3742870e-04   4.0712610e-03
   1.5000000e-01   9.9229923e-01   2.3804901e-04   3.7629524e-03
   2.0000000e-01   9.9834983e-01   2.3111555e-06   3.1863952e-03
   2.5000000e-01   9.9669967e-01   1.1093546e-04   3.0939930e-03
   3.0000000e-01   9.9724972e-01   2.0800399e-05   2.7996480e-03
   3.5000000e-01   9.9779978e-01   1.1555777e-05   2.9521535e-03
   4.0000000e-01   9.7524752e-01   1.2249124e-04   3.6321420e-03
   1.5000000e-01   9.9394939e-01   2.4498248e-04   3.6729876e-03
   2.0000000e-01   9.9834983e-01   3.9289643e-05   3.3526423e-03
   2.5000000e-01   9.9284928e-01   1.0862431e-04   3.3599679e-03
   3.0000000e-01   9.9834983e-01   4.6223110e-06   2.9424789e-03
   3.5000000e-01   9.9559956e-01   7.1645820e-05   2.9392321e-03
   4.0000000e-01   9.7909791e-01   9.2446219e-06   4.1435670e-03
   1.5000000e-01   9.9889989e-01   9.9379686e-05   3.4747069e-03
   2.0000000e-01   9.9724972e-01   1.1555777e-05   3.3032853e-03
   2.5000000e-01   9.9779978e-01   1.8720359e-04   3.4669416e-03
   3.0000000e-01   9.9834983e-01   4.1600799e-05   2.6782780e-03
   3.5000000e-01   9.9559956e-01   1.4098048e-04   3.2449428e-03
   4.0000000e-01   9.9339934e-01   5.7778887e-05   3.3985404e-03
   1.5000000e-01   9.9724972e-01   1.1093546e-04   3.5027506e-03
   2.0000000e-01   9.9779978e-01   9.2446219e-06   3.2943802e-03
   2.5000000e-01   9.9504950e-01   9.2446219e-06   3.0169477e-03
   3.0000000e-01   9.9889989e-01   6.0090043e-05   3.2213049e-03
   3.5000000e-01   9.9669967e-01   2.3111555e-05   3.2043389e-03
   4.0000000e-01   9.8569857e-01   2.5422710e-05   3.7550517e-03
   1.5000000e-01   9.9834983e-01   3.9289643e-05   3.3264728e-03
   2.0000000e-01   9.9944994e-01   4.3911954e-05   2.8487783e-03
   2.5000000e-01   9.8789879e-01   2.7733866e-05   3.1260835e-03
   3.0000000e-01   9.9119912e-01   1.0862431e-04   3.1842813e-03
   3.5000000e-01   9.9834983e-01   0.0000000e+00   3.2202864e-03
   4.0000000e-01   9.9394939e-01   6.0090043e-05   3.7292982e-03
   1.5000000e-01   9.9779978e-01   2.7733866e-05   3.6987524e-03
   2.0000000e-01   9.9889989e-01   4.6223110e-06   3.0260675e-03
   2.5000000e-01   9.9724972e-01   2.5422710e-05   3.0320059e-03
   3.0000000e-01   9.9724972e-01   4.6223110e-06   3.0359463e-03
   3.5000000e-01   9.9779978e-01   0.0000000e+00   3.2229305e-03
   4.0000000e-01   9.8734873e-01   3.4667332e-05   3.6278070e-03
   1.5000000e-01   1.0000000e+00   4.6223110e-06   3.6987039e-03
   2.0000000e-01   9.9669967e-01   1.6178088e-05   3.5665936e-03
   2.5000000e-01   9.9614961e-01   1.1093546e-04   3.1043815e-03
   3.0000000e-01   9.9889989e-01   2.3111555e-06   2.8953581e-03
   3.5000000e-01   9.9779978e-01   1.8489244e-05   3.0274558e-03
   4.0000000e-01   9.8349835e-01   2.3804901e-04   3.7837308e-03
   1.5000000e-01   9.9724972e-01   7.8579287e-05   3.9476070e-03
   2.0000000e-01   9.9779978e-01   1.0631315e-04   3.5778793e-03
   2.5000000e-01   9.9174917e-01   1.0400200e-04   3.2502788e-03
   3.0000000e-01   9.9834983e-01   9.2446219e-06   3.0307817e-03
   3.5000000e-01   9.9779978e-01   5.5467732e-05   3.1487475e-03
   4.0000000e-01   9.8734873e-01   1.1093546e-04   3.6177309e-03
   1.5000000e-01   9.9889989e-01   4.1600799e-05   3.6096352e-03
   2.0000000e-01   9.9889989e-01   1.3866933e-05   3.3839986e-03
   2.5000000e-01   9.9229923e-01   2.3111555e-05   3.1259238e-03
   3.0000000e-01   9.9669967e-01   2.3111555e-06   2.8166742e-03
   3.5000000e-01   9.9779978e-01   1.3866933e-05   3.0160156e-03
   4.0000000e-01   9.8789879e-01   1.7564782e-04   3.5892528e-03
   1.5000000e-01   9.9889989e-01   1.8489244e-05   3.3209899e-03
   2.0000000e-01   9.9559956e-01   2.0800399e-05   3.5152609e-03
   2.5000000e-01   9.9339934e-01   3.4667332e-05   3.4885721e-03
   3.0000000e-01   9.9724972e-01   8.3201597e-05   3.0093562e-03
   3.5000000e-01   9.9779978e-01   1.2018009e-04   3.5574908e-03
   4.0000000e-01   9.8954895e-01   6.0090043e-05   4.0828029e-03
   1.5000000e-01   9.9889989e-01   6.0090043e-05   3.9318062e-03
   2.0000000e-01   9.9559956e-01   1.5946973e-04   3.4248024e-03
   2.5000000e-01   9.9064906e-01   1.2249124e-04   3.4279531e-03
   3.0000000e-01   9.9559956e-01   8.0890442e-05   2.6938615e-03
   3.5000000e-01   9.9779978e-01   1.6178088e-04   3.3892040e-03
   4.0000000e-01   9.9284928e-01   1.1786893e-04   3.4924484e-03
   1.5000000e-01   9.9889989e-01   3.6978488e-05   3.5789972e-03
   2.0000000e-01   9.9779978e-01   8.0890442e-05   3.5665204e-03
   2.5000000e-01   9.8734873e-01   1.8489244e-05   3.1566178e-03
   3.0000000e-01   9.9724972e-01   4.6223110e-06   2.8798005e-03
   3.5000000e-01   9.9724972e-01   6.9334665e-06   2.9362067e-03
   4.0000000e-01   9.8459846e-01   1.5484742e-04   3.6215780e-03
   1.5000000e-01   9.9724972e-01   2.5422710e-05   3.7403928e-03
   2.0000000e-01   9.9944994e-01   9.2446219e-06   2.9838382e-03
   2.5000000e-01   9.9009901e-01   9.0135064e-05   3.1699655e-03
   3.0000000e-01   9.9669967e-01   2.3111555e-06   2.9055575e-03
   3.5000000e-01   9.9669967e-01   2.3111555e-06   3.2412467e-03
   4.0000000e-01   9.9449945e-01   2.0338168e-04   3.9312852e-03
   1.5000000e-01   9.9064906e-01   4.8534265e-05   4.2185980e-03
   2.0000000e-01   9.9779978e-01   3.0045021e-05   3.0910545e-03
   2.5000000e-01   9.9669967e-01   1.4791395e-04   3.0095449e-03
   3.0000000e-01   9.9614961e-01   7.6268131e-05   3.0517779e-03
   3.5000000e-01   9.9779978e-01   0.0000000e+00   3.0793918e-03
   4.0000000e-01   9.8624862e-01   2.5422710e-04   3.9706847e-03
   1.5000000e-01   9.9559956e-01   6.4712354e-05   3.6343988e-03
   2.0000000e-01   9.9779978e-01   2.3111555e-06   3.0649156e-03
   2.5000000e-01   9.9559956e-01   3.4667332e-05   2.9898561e-03
   3.0000000e-01   9.9559956e-01   1.0631315e-04   2.9903987e-03
   3.5000000e-01   9.9724972e-01   0.0000000e+00   2.8995550e-03
   4.0000000e-01   9.9834983e-01   1.5484742e-04   3.5497579e-03
   1.5000000e-01   9.9834983e-01   1.0631315e-04   3.6127833e-03
   2.0000000e-01   1.0000000e+00   5.7778887e-05   3.4212263e-03
   2.5000000e-01   9.9284928e-01   7.3956976e-05   3.1554749e-03
   3.0000000e-01   9.9614961e-01   3.4667332e-05   3.0886027e-03
   3.5000000e-01   9.9834983e-01   2.3111555e-06   2.8906040e-03
   4.0000000e-01   9.8459846e-01   1.1555777e-04   3.7477404e-03
   1.5000000e-01   9.9559956e-01   3.9289643e-05   3.7303328e-03
   2.0000000e-01   9.9834983e-01   6.9334665e-06   3.2844879e-03
   2.5000000e-01   9.7909791e-01   2.4036017e-04   3.5760065e-03
   3.0000000e-01   9.9834983e-01   2.3111555e-06   2.9638239e-03
   3.5000000e-01   9.9669967e-01   0.0000000e+00   3.0998581e-03
   4.0000000e-01   9.8789879e-01   1.1786893e-04   3.7658129e-03
   1.5000000e-01   9.9834983e-01   2.0800399e-05   3.6945860e-03
   2.0000000e-01   9.9724972e-01   6.9334665e-06   3.4105524e-03
   2.5000000e-01   9.9174917e-01   1.0631315e-04   3.3571075e-03
   3.0000000e-01   9.9889989e-01   4.6223110e-06   3.0561714e-03
   3.5000000e-01   9.9669967e-01   3.2356177e-05   2.9984857e-03
   4.0000000e-01   9.9119912e-01   2.3111555e-05   3.7043515e-03
   1.5000000e-01   9.9779978e-01   6.0090043e-05   3.6307102e-03
   2.0000000e-01   9.9889989e-01   3.2356177e-05   3.4004121e-03
   2.5000000e-01   9.9559956e-01   1.8489244e-05   3.0733873e-03
   3.0000000e-01   9.9724972e-01   4.6223110e-06   2.9604405e-03
   3.5000000e-01   9.9834983e-01   0.0000000e+00   3.0484501e-03
   4.0000000e-01   9.9504950e-01   5.3156576e-05   3.6891750e-03
   1.5000000e-01   9.9944994e-01   1.2942471e-04   3.6668742e-03
   2.0000000e-01   9.9834983e-01   6.9334665e-06   3.1220568e-03
   2.5000000e-01   9.9339934e-01   6.9334665e-05   2.9012983e-03
   3.0000000e-01   9.9779978e-01   1.1555777e-05   2.9495319e-03
   3.5000000e-01   9.9724972e-01   3.6978488e-05   3.1069655e-03
   4.0000000e-01   9.9119912e-01   7.1645820e-05   3.2228411e-03
   1.5000000e-01   9.9724972e-01   2.3111555e-06   3.4765397e-03
   2.0000000e-01   9.9834983e-01   2.3111555e-05   3.2040909e-03
   2.5000000e-01   9.9724972e-01   1.3866933e-04   3.2008314e-03
   3.0000000e-01   9.9669967e-01   3.9289643e-05   2.8955404e-03
   3.5000000e-01   9.9724972e-01   6.9334665e-05   3.2620759e-03
   4.0000000e-01   9.9229923e-01   5.5467732e-05   3.4032303e-03
   1.5000000e-01   9.9779978e-01   2.0800399e-05   3.6294753e-03
   2.0000000e-01   9.9834983e-01   0.0000000e+00   3.2844701e-03
   2.5000000e-01   9.8514851e-01   1.0862431e-04   3.2783272e-03
   3.0000000e-01   9.9559956e-01   6.2401198e-05   2.9801966e-03
   3.5000000e-01   9.9834983e-01   0.0000000e+00   3.2834510e-03
   4.0000000e-01   9.9449945e-01   6.0090043e-05   3.6993107e-03
   1.5000000e-01   9.9614961e-01   6.2401198e-05   3.4253144e-03
   2.0000000e-01   9.9889989e-01   9.2446219e-06   2.9743926e-03
   2.5000000e-01   9.9064906e-01   2.5422710e-05   3.4163173e-03
   3.0000000e-01   9.9834983e-01   9.2446219e-06   2.7457972e-03
   3.5000000e-01   9.9779978e-01   0.0000000e+00   2.9699910e-03
   4.0000000e-01   9.9559956e-01   1.4560280e-04   3.4777417e-03
   1.5000000e-01   9.9724972e-01   6.2401198e-05   3.4093105e-03
   2.0000000e-01   9.9779978e-01   6.9334665e-06   3.2456995e-03
   2.5000000e-01   9.8624862e-01   1.9182591e-04   3.6469740e-03
   3.0000000e-01   9.9559956e-01   1.3404702e-04   3.2817890e-03
   3.5000000e-01   9.9944994e-01   2.3111555e-06   3.2127567e-03
   4.0000000e-01   9.9009901e-01   7.1645820e-05   3.4981297e-03
   1.5000000e-01   9.9834983e-01   1.3404702e-04   4.0150680e-03
   2.0000000e-01   9.9834983e-01   1.6178088e-05   3.0541735e-03
   2.5000000e-01   9.9339934e-01   9.2446219e-06   3.3082601e-03
   3.0000000e-01   9.9724972e-01   1.3866933e-05   3.1497573e-03
   3.5000000e-01   9.9834983e-01   2.3111555e-06   3.1270786e-03
   4.0000000e-01   9.9449945e-01   1.1555777e-04   3.5280067e-03
   1.5000000e-01   9.9944994e-01   1.0400200e-04   3.7550311e-03
   2.0000000e-01   9.9724972e-01   5.0845421e-05   3.2634738e-03
   2.5000000e-01   9.9009901e-01   5.0845421e-05   3.3467181e-03
   3.0000000e-01   9.9779978e-01   6.9334665e-06   2.9441546e-03
   3.5000000e-01   9.9669967e-01   9.2446219e-06   2.8890113e-03
   4.0000000e-01   9.8184818e-01   2.1493746e-04   3.5149963e-03
   1.5000000e-01   9.9834983e-01   6.7023509e-05   3.7564461e-03
   2.0000000e-01   9.8569857e-01   1.8489244e-05   3.1889298e-03
   2.5000000e-01   9.9284928e-01   1.6871435e-04   3.2556646e-03
   3.0000000e-01   9.9724972e-01   2.3111555e-05   2.9018021e-03
   3.5000000e-01   9.9724972e-01   1.8489244e-05   3.2315381e-03
   4.0000000e-01   9.8514851e-01   3.0507252e-04   3.9011702e-03
   1.5000000e-01   9.9614961e-01   4.6223110e-06   3.8729770e-03
   2.0000000e-01   9.9614961e-01   3.0045021e-05   3.3984184e-03
   2.5000000e-01   9.9724972e-01   4.6223110e-05   3.2314909e-03
   3.0000000e-01   9.9394939e-01   6.9334665e-06   3.1493100e-03
   3.5000000e-01   9.9724972e-01   0.0000000e+00   3.2805448e-03
   4.0000000e-01   9.8294829e-01   1.8027013e-04   3.5608287e-03
   1.5000000e-01   9.9724972e-01   4.6223110e-06   3.4706714e-03
   2.0000000e-01   9.9559956e-01   2.5422710e-05   3.0781643e-03
   2.5000000e-01   9.9614961e-01   7.3956976e-05   2.8587961e-03
   3.0000000e-01   9.9724972e-01   9.2446219e-06   2.7849018e-03
   3.5000000e-01   9.9834983e-01   2.3111555e-06   3.2507834e-03
   4.0000000e-01   9.8239824e-01   1.1786893e-04   3.6298978e-03
   1.5000000e-01   9.9779978e-01   8.7823908e-05   3.7955954e-03
   2.0000000e-01   9.9669967e-01   1.1093546e-04   3.1352355e-03
   2.5000000e-01   9.8569857e-01   3.0507252e-04   3.5392946e-03
   3.0000000e-01   9.9779978e-01   9.2446219e-06   2.9147549e-03
   3.5000000e-01   9.9779978e-01   2.3111555e-06   3.1613473e-03
   4.0000000e-01   9.8954895e-01   2.0107053e-04   3.7921795e-03
   1.5000000e-01   9.9394939e-01   8.3201597e-05   4.1997898e-03
   2.0000000e-01   9.9944994e-01   1.1555777e-05   2.9351541e-03
   2.5000000e-01   9.8569857e-01   8.7823908e-05   3.2292396e-03
   3.0000000e-01   9.9339934e-01   5.5467732e-05   3.3729175e-03
   3.5000000e-01   9.9779978e-01   2.3111555e-06   3.2559552e-03
   4.0000000e-01   9.8954895e-01   1.6640319e-04   3.7726589e-03
   1.5000000e-01   9.9889989e-01   5.3156576e-05   3.3681798e-03
   2.0000000e-01   9.9449945e-01   1.1555777e-05   3.5354761e-03
   2.5000000e-01   9.9174917e-01   3.0276137e-04   3.3145691e-03
   3.0000000e-01   9.9669967e-01   1.1555777e-05   2.8441332e-03
   3.5000000e-01   9.9669967e-01   3.2356177e-05   3.0119024e-03
   4.0000000e-01   9.9669967e-01   1.8489244e-05   4.0556234e-03
   1.5000000e-01   9.9779978e-01   9.9379686e-05   3.5606471e-03
   2.0000000e-01   9.9834983e-01   2.0800399e-05   3.0676659e-03
   2.5000000e-01   9.9009901e-01   3.9289643e-05   3.3034531e-03
   3.0000000e-01   9.9944994e-01   1.5484742e-04   2.8903625e-03
   3.5000000e-01   9.9559956e-01   6.7023509e-05   3.1395654e-03
   4.0000000e-01   9.9724972e-01   1.1093546e-04   3.5959984e-03
   1.5000000e-01   9.9834983e-01   5.7778887e-05   3.4382429e-03
   2.0000000e-01   9.8734873e-01   2.3111555e-05   3.3864675e-03
   2.5000000e-01   9.9724972e-01   3.4667332e-05   3.3680691e-03
   3.0000000e-01   9.9779978e-01   2.3111555e-05   2.9371805e-03
   3.5000000e-01   9.9174917e-01   2.3111555e-06   3.2941347e-03
   4.0000000e-01   9.9614961e-01   5.0845421e-05   3.3727843e-03
   1.5000000e-01   9.8734873e-01   2.1262630e-04   4.0292578e-03
   2.0000000e-01   9.9779978e-01   6.9334665e-06   3.1543532e-03
   2.5000000e-01   9.9449945e-01   1.8027013e-04   3.0887344e-03
   3.0000000e-01   9.9559956e-01   3.4667332e-05   3.0300330e-03
   3.5000000e-01   9.9779978e-01   2.3111555e-06   2.8146181e-03
   4.0000000e-01   9.9394939e-01   3.0045021e-05   3.2731392e-03
   1.5000000e-01   9.9449945e-01   7.3956976e-05   3.9798655e-03
   2.0000000e-01   9.9394939e-01   1.6178088e-05   3.2229369e-03
   2.5000000e-01   9.9449945e-01   1.1555777e-05   3.3312377e-03
   3.0000000e-01   9.9064906e-01   2.3111555e-05   3.0333223e-03
   3.5000000e-01   9.9559956e-01   1.3173586e-04   3.4217802e-03
   4.0000000e-01   9.9174917e-01   1.6871435e-04   3.8666245e-03
   1.5000000e-01   9.9944994e-01   7.6268131e-05   3.3532769e-03
   2.0000000e-01   9.9284928e-01   3.2356177e-05   3.2229060e-03
   2.5000000e-01   9.9119912e-01   3.2356177e-05   3.3892586e-03
   3.0000000e-01   9.9724972e-01   2.4036017e-04   3.0245501e-03
   3.5000000e-01   9.9724972e-01   6.9334665e-06   2.8538676e-03
   4.0000000e-01   9.7689769e-01   8.5512753e-05   3.8529225e-03
   1.5000000e-01   9.9834983e-01   4.3911954e-05   3.5214909e-03
   2.0000000e-01   9.9724972e-01   2.3111555e-06   3.2135623e-03
   2.5000000e-01   9.8789879e-01   3.2356177e-05   3.0205786e-03
   3.0000000e-01   9.9669967e-01   2.7733866e-05   2.8596281e-03
   3.5000000e-01   9.9614961e-01   2.3111555e-06   3.1470273e-03
   4.0000000e-01   9.9504950e-01   1.1786893e-04   3.6042014e-03
   1.5000000e-01   9.8789879e-01   5.0845421e-05   3.7435341e-03
   2.0000000e-01   9.9559956e-01   1.6178088e-05   3.3937644e-03
   2.5000000e-01   9.9834983e-01   8.3201597e-05   2.9434373e-03
   3.0000000e-01   9.9944994e-01   8.0890442e-05   2.8882597e-03
   3.5000000e-01   9.9724972e-01   0.0000000e+00   3.0982713e-03
   4.0000000e-01   9.9284928e-01   4.1600799e-05   3.7585564e-03
   1.5000000e-01   9.9779978e-01   3.4667332e-05   3.3383652e-03
   2.0000000e-01   9.9724972e-01   9.2446219e-06   2.8211331e-03
   2.5000000e-01   9.8789879e-01   1.2480240e-04   3.4287767e-03
   3.0000000e-01   9.9669967e-01   2.5422710e-05   3.0352492e-03
   3.5000000e-01   9.9834983e-01   0.0000000e+00   2.8633731e-03
   4.0000000e-01   9.9339934e-01   4.9920958e-04   3.8533088e-03
   1.5000000e-01   9.9614961e-01   5.3156576e-05   3.6689333e-03
   2.0000000e-01   9.9559956e-01   8.0890442e-05   3.4439357e-03
   2.5000000e-01   9.9559956e-01   6.2401198e-05   3.2058351e-03
   3.0000000e-01   9.9724972e-01   0.0000000e+00   3.0368993e-03
   3.5000000e-01   9.9834983e-01   7.3956976e-05   3.0159056e-03
   4.0000000e-01   9.9284928e-01   7.6268131e-05   3.8065946e-03
   1.5000000e-01   9.9504950e-01   2.3111555e-05   3.9314115e-03
   2.0000000e-01   9.9944994e-01   4.6223110e-06   3.0655371e-03
   2.5000000e-01   9.9339934e-01   2.4267133e-04   3.1764083e-03
   3.0000000e-01   9.9669967e-01   2.0800399e-05   2.9820512e-03
   3.5000000e-01   9.9669967e-01   2.3111555e-06   3.0982228e-03
   4.0000000e-01   9.9119912e-01   6.0090043e-05   3.4088201e-03
   1.5000000e-01   9.9834983e-01   3.9289643e-05   3.9664883e-03
   2.0000000e-01   9.9834983e-01   1.3866933e-05   3.0864776e-03
   2.5000000e-01   9.9394939e-01   2.3111555e-05   3.0567772e-03
   3.0000000e-01   9.9834983e-01   3.9289643e-05   2.7977864e-03
   3.5000000e-01   9.9669967e-01   2.3111555e-06   3.3367742e-03
   4.0000000e-01   9.9339934e-01   2.9582790e-04   3.7491302e-03
   1.5000000e-01   9.9944994e-01   3.9289643e-05   3.5518922e-03
   2.0000000e-01   9.9834983e-01   0.0000000e+00   3.3412425e-03
   2.5000000e-01   9.9779978e-01   2.2649324e-04   3.2349595e-03
   3.0000000e-01   9.9064906e-01   8.0890442e-05   3.1581397e-03
   3.5000000e-01   9.9724972e-01   9.2446219e-06   2.9711718e-03
   4.0000000e-01   9.9339934e-01   1.0400200e-04   3.4722441e-03
   1.5000000e-01   9.9944994e-01   7.8579287e-05   3.4195663e-03
   2.0000000e-01   9.9724972e-01   1.1555777e-05   2.9895007e-03
   2.5000000e-01   9.9449945e-01   7.6268131e-05   3.0895698e-03
   3.0000000e-01   9.8844884e-01   6.4712354e-05   3.3935083e-03
   3.5000000e-01   9.9779978e-01   2.5422710e-05   3.3194170e-03
   4.0000000e-01   9.8789879e-01   9.0135064e-05   3.6486625e-03
   1.5000000e-01   9.9449945e-01   8.0890442e-05   3.3500650e-03
   2.0000000e-01   9.9559956e-01   2.7733866e-05   3.3126396e-03
   2.5000000e-01   9.8404840e-01   2.1031515e-04   3.4315179e-03
   3.0000000e-01   9.9779978e-01   0.0000000e+00   2.9745310e-03
   3.5000000e-01   9.9834983e-01   4.6223110e-06   3.2245521e-03
   4.0000000e-01   9.9394939e-01   1.2711355e-04   3.8869835e-03
   1.5000000e-01   9.9889989e-01   6.9334665e-06   3.3188019e-03
   2.0000000e-01   9.9504950e-01   9.4757375e-05   3.6402354e-03
   2.5000000e-01   9.9504950e-01   8.5512753e-05   3.3807627e-03
   3.0000000e-01   9.9779978e-01   3.4667332e-05   2.9696662e-03
   3.5000000e-01   9.9834983e-01   4.3911954e-05   3.1255120e-03
   4.0000000e-01   9.9394939e-01   1.8258128e-04   3.6405395e-03
   1.5000000e-01   9.9669967e-01   7.1645820e-05   3.4233955e-03
   2.0000000e-01   9.9669967e-01   4.3911954e-05   3.2293430e-03
   2.5000000e-01   9.9174917e-01   1.3173586e-04   3.3816624e-03
   3.0000000e-01   9.9669967e-01   2.3111555e-06   2.8743069e-03
   3.5000000e-01   9.9889989e-01   1.3866933e-05   2.8501588e-03
   4.0000000e-01   9.7304730e-01   1.4560280e-04   3.7811737e-03
   1.5000000e-01   9.9229923e-01   9.4757375e-05   3.5490512e-03
   2.0000000e-01   9.9834983e-01   1.1555777e-05   3.2817634e-03
   2.5000000e-01   9.8129813e-01   6.7947971e-04   3.5376011e-03
   3.0000000e-01   9.9724972e-01   1.6178088e-05   2.9872560e-03
   3.5000000e-01   9.9889989e-01   0.0000000e+00   3.3808858e-03
   4.0000000e-01   9.9449945e-01   1.3635817e-04   3.7549673e-03
   1.5000000e-01   9.9614961e-01   9.0135064e-05   3.6464405e-03
   2.0000000e-01   9.9834983e-01   1.3866933e-05   3.2930958e-03
   2.5000000e-01   9.9009901e-01   8.3201597e-05   3.4644473e-03
   3.0000000e-01   9.9669967e-01   3.0045021e-05   2.9934296e-03
   3.5000000e-01   9.9724972e-01   0.0000000e+00   3.0795871e-03
   4.0000000e-01   9.8844884e-01   7.3956976e-05   3.7789016e-03
   1.5000000e-01   9.9779978e-01   2.3111555e-05   3.5710319e-03
   2.0000000e-01   9.9504950e-01   1.1555777e-05   3.6347737e-03
   2.5000000e-01   9.9614961e-01   3.0045021e-05   3.3215639e-03
   3.0000000e-01   9.9449945e-01   9.2446219e-06   2.7128173e-03
   3.5000000e-01   9.9834983e-01   2.3111555e-06   3.3544434e-03
   4.0000000e-01   9.9064906e-01   1.0169084e-04   3.9076654e-03
   1.5000000e-01   9.9779978e-01   6.9334665e-06   3.7099287e-03
   2.0000000e-01   9.9889989e-01   6.9334665e-06   3.0841381e-03
   2.5000000e-01   9.9504950e-01   5.7778887e-05   3.0295654e-03
   3.0000000e-01   9.9724972e-01   4.6223110e-06   2.8095314e-03
   3.5000000e-01   9.9779978e-01   0.0000000e+00   2.8295470e-03
   4.0000000e-01   9.9449945e-01   7.8579287e-05   3.7963436e-03
   1.5000000e-01   9.9669967e-01   7.6268131e-05   3.8047350e-03
   2.0000000e-01   9.9889989e-01   1.1555777e-05   3.0979537e-03
   2.5000000e-01   9.8734873e-01   4.1831914e-04   3.6547394e-03
   3.0000000e-01   9.9669967e-01   1.1555777e-05   3.3893676e-03
   3.5000000e-01   9.9834983e-01   2.3111555e-06   2.8572907e-03
   4.0000000e-01   9.9009901e-01   1.5946973e-04   3.2465212e-03
   1.5000000e-01   9.9779978e-01   3.9289643e-05   3.4433540e-03
   2.0000000e-01   9.9724972e-01   4.6223110e-06   3.5654726e-03
   2.5000000e-01   9.9614961e-01   1.9644822e-04   3.2266507e-03
   3.0000000e-01   9.9669967e-01   3.9289643e-05   2.7869579e-03
   3.5000000e-01   9.9724972e-01   2.3111555e-05   3.1006210e-03
   4.0000000e-01   9.8954895e-01   9.9379686e-05   3.7012239e-03
   1.5000000e-01   9.9614961e-01   9.9379686e-05   3.5264511e-03
   2.0000000e-01   9.9834983e-01   1.3866933e-05   3.0931985e-03
   2.5000000e-01   9.9339934e-01   3.6978488e-05   3.1622532e-03
   3.0000000e-01   9.9779978e-01   2.3111555e-06   3.0353137e-03
   3.5000000e-01   9.9834983e-01   2.3111555e-06   3.2174911e-03
   4.0000000e-01   9.9174917e-01   3.6978488e-05   3.5129189e-03
   1.5000000e-01   9.9559956e-01   4.1600799e-05   3.9595687e-03
   2.0000000e-01   9.8184818e-01   5.5467732e-05   3.5499792e-03
   2.5000000e-01   9.9779978e-01   1.3173586e-04   3.0971548e-03
   3.0000000e-01   9.9669967e-01   1.4329164e-04   3.0295895e-03
   3.5000000e-01   9.9834983e-01   2.3111555e-06   3.2366748e-03
   4.0000000e-01   9.9394939e-01   8.3201597e-05   4.0819214e-03
   1.5000000e-01   9.9724972e-01   2.8196097e-04   3.6645569e-03
   2.0000000e-01   9.9889989e-01   1.8489244e-05   3.1572711e-03
   2.5000000e-01   9.9229923e-01   2.0800399e-05   2.9769115e-03
   3.0000000e-01   9.9889989e-01   1.8489244e-05   2.8121955e-03
   3.5000000e-01   9.9834983e-01   2.3111555e-06   3.2763500e-03
   4.0000000e-01   9.9229923e-01   1.5484742e-04   3.7298475e-03
   1.5000000e-01   9.9009901e-01   5.7778887e-05   3.4726472e-03
   2.0000000e-01   9.8899890e-01   1.8489244e-05   3.5777516e-03
   2.5000000e-01   9.9394939e-01   4.1600799e-05   3.2306097e-03
   3.0000000e-01   9.9064906e-01   8.3201597e-05   2.8983452e-03
   3.5000000e-01   9.9504950e-01   0.0000000e+00   3.2860406e-03
   4.0000000e-01   9.9284928e-01   1.7564782e-04   3.3918491e-03
   1.5000000e-01   9.9834983e-01   2.7964981e-04   3.7655839e-03
   2.0000000e-01   9.9724972e-01   9.2446219e-06   2.9496674e-03
   2.5000000e-01   9.7634763e-01   6.7023509e-05   4.0089969e-03
   3.0000000e-01   9.9724972e-01   1.8489244e-05   2.9478091e-03
   3.5000000e-01   9.9339934e-01   0.0000000e+00   3.1706194e-03
   4.0000000e-01   9.9284928e-01   2.8196097e-04   3.7500751e-03
   1.5000000e-01   9.9779978e-01   8.3201597e-05   3.7531262e-03
   2.0000000e-01   9.9889989e-01   1.8489244e-05   3.2100013e-03
   2.5000000e-01   9.9449945e-01   1.6640319e-04   3.0442544e-03
   3.0000000e-01   9.9614961e-01   6.4712354e-05   2.6547737e-03
   3.5000000e-01   9.9669967e-01   4.6223110e-06   3.1066241e-03
   4.0000000e-01   9.8404840e-01   5.0383190e-04   4.0586720e-03
   1.5000000e-01   9.9834983e-01   5.0845421e-05   3.7163346e-03
   2.0000000e-01   9.9834983e-01   9.2446219e-06   3.1986881e-03
   2.5000000e-01   9.9724972e-01   1.0169084e-04   3.2413914e-03
   3.0000000e-01   9.9449945e-01   1.1555777e-05   2.9233413e-03
   3.5000000e-01   9.9889989e-01   1.3866933e-05   3.1269503e-03
   4.0000000e-01   9.8899890e-01   1.2480240e-04   3.4409161e-03
   1.5000000e-01   9.9504950e-01   2.2649324e-04   3.6273076e-03
   2.0000000e-01   9.9669967e-01   6.9334665e-06   3.4673471e-03
   2.5000000e-01   9.9284928e-01   4.6223110e-05   3.1358692e-03
   3.0000000e-01   9.9504950e-01   4.3911954e-05   2.8891414e-03
   3.5000000e-01   9.9779978e-01   6.9334665e-06   3.1652045e-03
   4.0000000e-01   9.8019802e-01   4.9227612e-04   3.9550382e-03
   1.5000000e-01   9.9394939e-01   3.4667332e-05   3.5484130e-03
   2.0000000e-01   9.8899890e-01   2.7733866e-05   2.9833366e-03
   2.5000000e-01   9.9339934e-01   6.0090043e-05   3.0365293e-03
   3.0000000e-01   9.9559956e-01   1.1555777e-05   3.1131157e-03
   3.5000000e-01   9.9779978e-01   6.9334665e-06   3.2269858e-03
   4.0000000e-01   9.9174917e-01   4.8534265e-05   3.6507064e-03
   1.5000000e-01   9.9889989e-01   3.9289643e-05   3.6552512e-03
   2.0000000e-01   9.9724972e-01   9.2446219e-06   2.9548483e-03
   2.5000000e-01   9.9174917e-01   3.1200599e-04   3.4076027e-03
   3.0000000e-01   9.9779978e-01   9.2446219e-06   2.8165581e-03
   3.5000000e-01   9.9669967e-01   1.0631315e-04   2.9872155e-03
   4.0000000e-01   9.8019802e-01   3.8365181e-04   3.7948434e-03
   1.5000000e-01   9.8899890e-01   8.5512753e-05   3.8700095e-03
   2.0000000e-01   9.9724972e-01   2.5422710e-05   3.2925754e-03
   2.5000000e-01   9.8294829e-01   8.5512753e-05   3.2352281e-03
   3.0000000e-01   9.9779978e-01   5.3156576e-05   2.8847940e-03
   3.5000000e-01   9.9669967e-01   4.1600799e-05   3.0110881e-03
   4.0000000e-01   9.8844884e-01   6.7023509e-05   3.8265350e-03
   1.5000000e-01   9.9889989e-01   1.8489244e-05   3.9445582e-03
   2.0000000e-01   9.9889989e-01   3.6978488e-05   3.1607328e-03
   2.5000000e-01   9.9449945e-01   3.6978488e-05   3.3120589e-03
   3.0000000e-01   9.9779978e-01   4.6223110e-06   2.8115780e-03
   3.5000000e-01   9.9779978e-01   0.0000000e+00   2.8926156e-03
   4.0000000e-01   9.9394939e-01   8.5512753e-05   3.5053717e-03
   1.5000000e-01   9.9834983e-01   1.3866933e-05   3.1679683e-03
   2.0000000e-01   9.9889989e-01   6.9334665e-06   3.2573184e-03
   2.5000000e-01   9.7249725e-01   3.4898448e-04   3.5911214e-03
   3.0000000e-01   9.9724972e-01   2.3111555e-06   3.0849526e-03
   3.5000000e-01   9.9559956e-01   9.2446219e-06   3.1609711e-03
   4.0000000e-01   9.9174917e-01   1.2942471e-04   3.4889531e-03
