   1.5000000e-01   9.9393271e-01   1.1534628e-05             NaN
   2.0000000e-01   9.9781540e-01   0.0000000e+00             NaN
   2.5000000e-01   9.9304441e-01   1.9993356e-05             NaN
   3.0000000e-01   9.9456817e-01   7.6897523e-06             NaN
   3.5000000e-01   9.9829739e-01   7.6897523e-07             NaN
   4.0000000e-01   9.7788834e-01   6.9207771e-06             NaN
   1.5000000e-01   9.9566161e-01   1.3841554e-05             NaN
   2.0000000e-01   9.9889319e-01   7.6897523e-07             NaN
   2.5000000e-01   9.8524590e-01   1.0765653e-05             NaN
   3.0000000e-01   9.9675851e-01   8.4587276e-06             NaN
   3.5000000e-01   9.9778271e-01   2.3069257e-06             NaN
   4.0000000e-01   9.8457300e-01   1.4610529e-05             NaN
   1.5000000e-01   9.9889503e-01   1.4610529e-05             NaN
   2.0000000e-01   9.8278734e-01   2.6914133e-05             NaN
   2.5000000e-01   9.8714515e-01   1.0765653e-05             NaN
   3.0000000e-01   9.9176729e-01   7.6897523e-06             NaN
   3.5000000e-01   9.9779493e-01   0.0000000e+00             NaN
   4.0000000e-01   9.8462383e-01   2.1531307e-05             NaN
   1.5000000e-01   9.9781062e-01   2.6914133e-05             NaN
   2.0000000e-01   9.9786211e-01   0.0000000e+00             NaN
   2.5000000e-01   9.8618021e-01   1.0765653e-05             NaN
   3.0000000e-01   9.9326221e-01   3.0759009e-06             NaN
   3.5000000e-01   9.9891892e-01   1.5379505e-06             NaN
   4.0000000e-01   9.8757428e-01   1.8455406e-05             NaN
   1.5000000e-01   9.9452655e-01   6.9207771e-06             NaN
   2.0000000e-01   9.9783198e-01   2.3069257e-06             NaN
   2.5000000e-01   9.8574561e-01   1.0765653e-05             NaN
   3.0000000e-01   9.9265951e-01   5.3828266e-06             NaN
   3.5000000e-01   9.9890049e-01   7.6897523e-07             NaN
   4.0000000e-01   9.8610339e-01   4.1524663e-05             NaN
   1.5000000e-01   9.9300699e-01   8.4587276e-06             NaN
   2.0000000e-01   9.9890531e-01   7.6897523e-07             NaN
   2.5000000e-01   9.8676227e-01   9.2277028e-06             NaN
   3.0000000e-01   9.7926896e-01   9.2277028e-06             NaN
   3.5000000e-01   9.9837222e-01   3.8448762e-06             NaN
   4.0000000e-01   9.9387869e-01   3.4603885e-05             NaN
   1.5000000e-01   9.9719731e-01   1.6148480e-05             NaN
   2.0000000e-01   9.9832589e-01   7.6897523e-07             NaN
   2.5000000e-01   9.8957190e-01   1.7686430e-05             NaN
   3.0000000e-01   9.9078591e-01   6.9207771e-06             NaN
   3.5000000e-01   9.9834711e-01   0.0000000e+00             NaN
   4.0000000e-01   9.8850575e-01   2.4607207e-05             NaN
   1.5000000e-01   9.9297677e-01   1.9224381e-05             NaN
   2.0000000e-01   9.9664804e-01   7.6897523e-07             NaN
   2.5000000e-01   9.8727876e-01   4.6138514e-06             NaN
   3.0000000e-01   9.9124726e-01   6.1518019e-06             NaN
   3.5000000e-01   9.9890770e-01   2.3069257e-06             NaN
   4.0000000e-01   9.7010870e-01   2.8452084e-05             NaN
   1.5000000e-01   9.9501109e-01   8.4587276e-06             NaN
   2.0000000e-01   9.9945917e-01   2.3069257e-06             NaN
   2.5000000e-01   9.9228650e-01   8.4587276e-06             NaN
   3.0000000e-01   9.8891353e-01   6.9207771e-06             NaN
   3.5000000e-01   9.9728408e-01   0.0000000e+00             NaN
   1.5000000e-01   9.9058693e-01   9.9966780e-06             NaN
   2.0000000e-01   1.0000000e+00   1.5379505e-06             NaN
   2.5000000e-01   9.9069513e-01   1.2303604e-05             NaN
   1.5000000e-01   9.9169895e-01   1.0765653e-05             NaN
   2.0000000e-01   9.9891304e-01   3.0759009e-06             NaN
   2.5000000e-01   9.9724518e-01   1.1534628e-05             NaN
   3.0000000e-01   9.9027553e-01   6.1518019e-06             NaN
   3.5000000e-01   9.9610028e-01   0.0000000e+00             NaN
   4.0000000e-01   9.8129813e-01   3.3834910e-05             NaN
   1.5000000e-01   9.9170813e-01   1.6148480e-05             NaN
   2.0000000e-01   9.9891186e-01   4.6138514e-06             NaN
   2.5000000e-01   9.8958904e-01   3.0759009e-06             NaN
   3.0000000e-01   9.9337017e-01   2.3069257e-06             NaN
   3.5000000e-01   9.9778639e-01   0.0000000e+00             NaN
   4.0000000e-01   9.7655398e-01   2.7683108e-05             NaN
   1.5000000e-01   9.9400871e-01   3.8448762e-06             NaN
   2.0000000e-01   9.9944843e-01   0.0000000e+00             NaN
   2.5000000e-01   9.8904110e-01   1.1534628e-05             NaN
   3.0000000e-01   9.9232456e-01   3.8448762e-06             NaN
   3.5000000e-01   9.9609810e-01   0.0000000e+00             NaN
   4.0000000e-01   9.8856832e-01   1.5379505e-05             NaN
   1.5000000e-01   9.9678629e-01   1.8455406e-05             NaN
   2.0000000e-01   9.9176729e-01   2.3069257e-06             NaN
   2.5000000e-01   9.9235808e-01   6.9207771e-06             NaN
   3.0000000e-01   9.9285714e-01   9.2277028e-06             NaN
   4.0000000e-01   9.8526201e-01   1.3072579e-05             NaN
   4.0000000e-01   9.5711930e-01   2.9221059e-05             NaN
   4.0000000e-01   9.7659227e-01   1.9993356e-05             NaN
   3.5000000e-01   9.9781897e-01   0.0000000e+00             NaN
   3.5000000e-01   9.9779128e-01   3.0759009e-06             NaN
   3.0000000e-01   9.8979044e-01   2.3069257e-06             NaN
   1.5000000e-01   9.9563795e-01   1.7686430e-05             NaN
   2.0000000e-01   9.5091009e-01   2.3069257e-05             NaN
   2.5000000e-01   9.9616018e-01   1.2303604e-05             NaN
   3.0000000e-01   9.9162011e-01   9.2277028e-06             NaN
   3.5000000e-01   9.9672310e-01   0.0000000e+00             NaN
   4.0000000e-01   9.8565121e-01   2.3069257e-05             NaN
   1.5000000e-01   9.9564033e-01   1.3841554e-05             NaN
   2.0000000e-01   1.0000000e+00   0.0000000e+00             NaN
   2.5000000e-01   9.8795840e-01   6.9207771e-06             NaN
   3.0000000e-01   9.9613900e-01   1.4610529e-05             NaN
   3.5000000e-01   9.9727817e-01   1.5379505e-06             NaN
   4.0000000e-01   9.9123768e-01   1.5379505e-05             NaN
   1.5000000e-01   9.9182116e-01   9.2277028e-06             NaN
   2.0000000e-01   9.9890531e-01   1.4610529e-05             NaN
   2.5000000e-01   9.9109131e-01   9.2277028e-06             NaN
   3.0000000e-01   9.9461207e-01   1.1534628e-05             NaN
   3.5000000e-01   9.9728261e-01   0.0000000e+00             NaN
   4.0000000e-01   9.8278734e-01   2.1531307e-05             NaN
   1.5000000e-01   9.9283747e-01   2.3069257e-05             NaN
   2.0000000e-01   9.9889197e-01   3.0759009e-06             NaN
   2.5000000e-01   9.8962882e-01   9.9966780e-06             NaN
   3.0000000e-01   9.9666110e-01   8.4587276e-06             NaN
   3.5000000e-01   9.9889746e-01   0.0000000e+00             NaN
   4.0000000e-01   9.9345692e-01   2.4607207e-05             NaN
   1.5000000e-01   9.9352052e-01   1.6917455e-05             NaN
   2.0000000e-01   9.9723298e-01   5.3828266e-06             NaN
   2.5000000e-01   9.9723909e-01   1.3072579e-05             NaN
   3.0000000e-01   9.9229075e-01   5.3828266e-06             NaN
   3.5000000e-01   9.9782490e-01   7.6897523e-07             NaN
   4.0000000e-01   9.7897067e-01   1.4610529e-05             NaN
   1.5000000e-01   9.9449339e-01   6.1518019e-06             NaN
   2.0000000e-01   9.9945799e-01   4.6138514e-06             NaN
   1.5000000e-01   9.4072866e-01   3.3065935e-05             NaN
   2.0000000e-01   9.9561163e-01   0.0000000e+00             NaN
   2.5000000e-01   9.9234136e-01   3.4603885e-05             NaN
   3.0000000e-01   9.8480738e-01   7.6897523e-07             NaN
   3.5000000e-01   9.9834983e-01   0.0000000e+00             NaN
   4.0000000e-01   9.7445652e-01   1.1534628e-05             NaN
   1.5000000e-01   9.9560681e-01   1.5379505e-06             NaN
   2.0000000e-01   9.9889564e-01   4.6138514e-06             NaN
   2.5000000e-01   9.9129962e-01   1.1534628e-05             NaN
   3.0000000e-01   9.9271709e-01   9.2277028e-06             NaN
   3.5000000e-01   9.9887260e-01   0.0000000e+00             NaN
   4.0000000e-01   9.8055105e-01   1.6917455e-05             NaN
   1.5000000e-01   9.9341021e-01   1.7686430e-05             NaN
   2.0000000e-01   9.9889135e-01   0.0000000e+00             NaN
   2.5000000e-01   9.9664804e-01   0.0000000e+00             NaN
   3.0000000e-01   9.9667590e-01   1.6148480e-05             NaN
   3.5000000e-01   9.9730458e-01   0.0000000e+00             NaN
   4.0000000e-01   9.8741794e-01   5.3828266e-05             NaN
   1.5000000e-01   9.9836155e-01   1.5379505e-05             NaN
   2.0000000e-01   9.9945563e-01   8.4587276e-06             NaN
   2.5000000e-01   9.9230769e-01   3.1527985e-05             NaN
   3.0000000e-01   9.9497487e-01   3.8448762e-06             NaN
   3.5000000e-01   9.9780220e-01   0.0000000e+00             NaN
   4.0000000e-01   9.8820225e-01   1.8455406e-05             NaN
   1.5000000e-01   9.9671233e-01   1.5379505e-05             NaN
   2.0000000e-01   9.9777778e-01   4.6138514e-06             NaN
   2.5000000e-01   9.9042254e-01   9.2277028e-06             NaN
   3.0000000e-01   9.9672846e-01   6.1518019e-06             NaN
   3.5000000e-01   9.9727372e-01   0.0000000e+00             NaN
   4.0000000e-01   9.8562742e-01   1.1534628e-05             NaN
   1.5000000e-01   9.8922994e-01   3.0759009e-06             NaN
   2.0000000e-01   9.9886428e-01   7.6897523e-07             NaN
   2.5000000e-01   9.9078591e-01   6.1518019e-06             NaN
   3.0000000e-01   9.9566161e-01   4.6138514e-06             NaN
   3.5000000e-01   9.9782490e-01   0.0000000e+00             NaN
   4.0000000e-01   9.8376260e-01   6.1518019e-06             NaN
   1.5000000e-01   9.9444753e-01   2.2300282e-05             NaN
   2.0000000e-01   9.9890351e-01   3.0759009e-06             NaN
   2.5000000e-01   9.9399891e-01   1.5379505e-05             NaN
   3.0000000e-01   9.8284449e-01   6.1518019e-06             NaN
   3.5000000e-01   9.9781062e-01   0.0000000e+00             NaN
   4.0000000e-01   9.8577681e-01   2.7683108e-05             NaN
   1.5000000e-01   9.9175824e-01   9.9966780e-06             NaN
   2.0000000e-01   9.6538462e-01   1.0765653e-05             NaN
   2.5000000e-01   9.8828779e-01   4.6138514e-06             NaN
   3.0000000e-01   9.9181669e-01   3.8448762e-06             NaN
   3.5000000e-01   9.9834071e-01   0.0000000e+00             NaN
   4.0000000e-01   9.8358862e-01   3.7679786e-05             NaN
   1.5000000e-01   9.9665924e-01   1.2303604e-05             NaN
   2.0000000e-01   9.9944414e-01   0.0000000e+00             NaN
   2.5000000e-01   9.8704104e-01   1.3841554e-05             NaN
   3.0000000e-01   9.9666852e-01   3.6910811e-05             NaN
   3.5000000e-01   9.9778393e-01   0.0000000e+00             NaN
   4.0000000e-01   9.8305085e-01   7.6897523e-06             NaN
   1.5000000e-01   9.9332220e-01   1.1534628e-05             NaN
   2.0000000e-01   9.9888641e-01   2.3069257e-06             NaN
   2.5000000e-01   9.9163413e-01   7.6897523e-06             NaN
   3.0000000e-01   9.9286107e-01   1.3072579e-05             NaN
   3.5000000e-01   9.9722992e-01   7.6897523e-07             NaN
   4.0000000e-01   9.7955801e-01   1.0765653e-05             NaN
   1.5000000e-01   9.9670511e-01   2.8452084e-05             NaN
   2.0000000e-01   9.9890949e-01   7.6897523e-07             NaN
   3.0000000e-01   9.9669421e-01   2.1531307e-05             NaN
   3.5000000e-01   9.9775281e-01   0.0000000e+00             NaN
   1.5000000e-01   9.9726027e-01   3.0759009e-05             NaN
   2.0000000e-01   9.9888703e-01   4.6138514e-06             NaN
   2.5000000e-01   9.8593134e-01   8.4587276e-06             NaN
   3.0000000e-01   9.9546228e-01   9.9966780e-06             NaN
   1.5000000e-01   9.9453253e-01   5.3828266e-06             NaN
   1.5000000e-01   9.9889807e-01   2.8452084e-05             NaN
   2.0000000e-01   9.9782490e-01   0.0000000e+00             NaN
   2.5000000e-01   9.8949696e-01   9.2277028e-06             NaN
   3.0000000e-01   9.9499444e-01   2.0762331e-05             NaN
   3.5000000e-01   9.9508197e-01   0.0000000e+00             NaN
   4.0000000e-01   9.7113290e-01   1.4610529e-05             NaN
   4.0000000e-01   9.8187809e-01   4.1524663e-05             NaN
   4.0000000e-01   9.9148030e-01   8.4587276e-06             NaN
   4.0000000e-01   9.8440022e-01   3.6910811e-05             NaN
   4.0000000e-01   9.8203593e-01   1.6148480e-05             NaN
   3.5000000e-01   9.9673558e-01   0.0000000e+00             NaN
   3.5000000e-01   9.9781421e-01   0.0000000e+00             NaN
   3.5000000e-01   9.9836601e-01   0.0000000e+00             NaN
   3.0000000e-01   9.9889197e-01   3.8448762e-06             NaN
   3.0000000e-01   9.8958904e-01   6.1518019e-06             NaN
   2.5000000e-01   9.9456522e-01   9.9966780e-06             NaN
   2.5000000e-01   9.9113573e-01   7.6897523e-06             NaN
   2.5000000e-01   9.9607843e-01   1.4610529e-05             NaN
   2.0000000e-01   9.9617486e-01   1.5379505e-06             NaN
   1.5000000e-01   9.9242424e-01   1.6917455e-05             NaN
   2.0000000e-01   9.9779857e-01   3.8448762e-06             NaN
   2.5000000e-01   9.8853086e-01   2.6914133e-05             NaN
   3.0000000e-01   9.9442276e-01   1.6917455e-05             NaN
   3.5000000e-01   9.9782372e-01   2.3069257e-06             NaN
   4.0000000e-01   9.8062016e-01   3.6910811e-05             NaN
   1.5000000e-01   9.9558986e-01   2.5376183e-05             NaN
   2.0000000e-01   1.0000000e+00   0.0000000e+00             NaN
   2.5000000e-01   9.9023332e-01   3.8448762e-06             NaN
   3.0000000e-01   9.9175824e-01   1.2303604e-05             NaN
   3.5000000e-01   9.9507119e-01   3.8448762e-06             NaN
   4.0000000e-01   9.8983625e-01   4.4600564e-05             NaN
   1.5000000e-01   9.8215282e-01   9.9966780e-06             NaN
   2.0000000e-01   9.9782727e-01   1.5379505e-06             NaN
   2.5000000e-01   9.9396599e-01   1.4610529e-05             NaN
   3.0000000e-01   9.6732026e-01   2.0762331e-05             NaN
   3.5000000e-01   9.9778393e-01   7.6897523e-06             NaN
   4.0000000e-01   9.7136440e-01   1.3841554e-05             NaN
   1.5000000e-01   9.9618944e-01   3.0759009e-06             NaN
   2.0000000e-01   9.9889258e-01   5.3828266e-06             NaN
   2.5000000e-01   9.8155182e-01   1.3072579e-05             NaN
   3.0000000e-01   9.9510071e-01   9.2277028e-06             NaN
   3.5000000e-01   9.9778639e-01   0.0000000e+00             NaN
   4.0000000e-01   9.8403963e-01   1.3072579e-05             NaN
   1.5000000e-01   9.9776536e-01   2.4607207e-05             NaN
   2.0000000e-01   9.9834802e-01   7.6897523e-07             NaN
   2.5000000e-01   9.9504950e-01   6.9207771e-06             NaN
   3.0000000e-01   9.9500278e-01   7.6897523e-06             NaN
   3.5000000e-01   9.9721758e-01   0.0000000e+00             NaN
   4.0000000e-01   9.8509111e-01   2.5376183e-05             NaN
   1.5000000e-01   9.9390919e-01   9.2277028e-06             NaN
   2.0000000e-01   9.9890531e-01   5.3828266e-06             NaN
   2.5000000e-01   9.9288061e-01   8.4587276e-06             NaN
   3.0000000e-01   9.9670872e-01   9.9966780e-06             NaN
   3.5000000e-01   9.9835255e-01   7.6897523e-07             NaN
   4.0000000e-01   9.8909487e-01   4.0755687e-05             NaN
   1.5000000e-01   9.9669421e-01   3.5372861e-05             NaN
   2.0000000e-01   9.9836957e-01   0.0000000e+00             NaN
   2.5000000e-01   9.8633133e-01   1.4610529e-05             NaN
   3.0000000e-01   9.8841060e-01   1.0765653e-05             NaN
   3.5000000e-01   9.9780581e-01   7.6897523e-07             NaN
   4.0000000e-01   9.6684783e-01   2.6145158e-05             NaN
   1.5000000e-01   9.9722376e-01   3.9986712e-05             NaN
   2.0000000e-01   9.9944259e-01   6.1518019e-06             NaN
   2.5000000e-01   9.9273743e-01   1.9993356e-05             NaN
   3.0000000e-01   9.9126638e-01   5.3828266e-06             NaN
   3.5000000e-01   9.9780942e-01   0.0000000e+00             NaN
   4.0000000e-01   9.8908297e-01   3.9217737e-05             NaN
   1.5000000e-01   9.9728113e-01   8.4587276e-06             NaN
   2.0000000e-01   1.0000000e+00   1.5379505e-06             NaN
   2.5000000e-01   9.9236225e-01   1.2303604e-05             NaN
   3.0000000e-01   9.8791873e-01   3.0759009e-06             NaN
   3.5000000e-01   9.9726177e-01   0.0000000e+00             NaN
   4.0000000e-01   9.8143091e-01   1.0765653e-05             NaN
   1.5000000e-01   9.9391929e-01   3.0759009e-06             NaN
   2.0000000e-01   9.4871795e-01   3.6910811e-05             NaN
   2.5000000e-01   9.9459167e-01   1.5379505e-05             NaN
   3.0000000e-01   9.9781779e-01   1.5379505e-05             NaN
   3.5000000e-01   9.9229075e-01   4.6138514e-06             NaN
   4.0000000e-01   9.8864865e-01   1.0765653e-05             NaN
   1.5000000e-01   9.5466811e-01   2.6145158e-05             NaN
   2.0000000e-01   1.0000000e+00   7.6897523e-07             NaN
   2.5000000e-01   9.9778883e-01   1.0765653e-05             NaN
   3.0000000e-01   9.9330731e-01   9.2277028e-06             NaN
   3.5000000e-01   9.9729730e-01   7.6897523e-07             NaN
   4.0000000e-01   9.9328483e-01   2.2300282e-05             NaN
   1.5000000e-01   9.9610679e-01   9.2277028e-06             NaN
   2.0000000e-01   9.9779493e-01   7.6897523e-07             NaN
   2.5000000e-01   9.7683616e-01   3.0759009e-05             NaN
   3.0000000e-01   9.9105646e-01   1.5379505e-06             NaN
   3.5000000e-01   9.8583106e-01   6.9207771e-06             NaN
   4.0000000e-01   9.8897464e-01   1.9993356e-05             NaN
   1.5000000e-01   9.9665179e-01   1.3072579e-05             NaN
   2.0000000e-01   9.9946004e-01   0.0000000e+00             NaN
   2.5000000e-01   9.9503859e-01   1.4610529e-05             NaN
   3.0000000e-01   9.9564507e-01   1.6148480e-05             NaN
   3.5000000e-01   9.9724670e-01   0.0000000e+00             NaN
   4.0000000e-01   9.9002217e-01   3.3834910e-05             NaN
   1.5000000e-01   9.9782016e-01   1.1534628e-05             NaN
   2.0000000e-01   9.9726776e-01   0.0000000e+00             NaN
   2.5000000e-01   9.9566865e-01   1.3841554e-05             NaN
   3.0000000e-01   9.9496644e-01   9.9966780e-06             NaN
   3.5000000e-01   9.9888579e-01   2.3069257e-06             NaN
   4.0000000e-01   9.8849315e-01   2.6914133e-05             NaN
   1.5000000e-01   9.9295393e-01   8.4587276e-06             NaN
   2.0000000e-01   9.9615807e-01   0.0000000e+00             NaN
   2.5000000e-01   9.8557159e-01   1.0765653e-05             NaN
   3.0000000e-01   9.9385818e-01   0.0000000e+00             NaN
   3.5000000e-01   9.9669239e-01   0.0000000e+00             NaN
   4.0000000e-01   9.8917749e-01   2.2300282e-05             NaN
   1.5000000e-01   9.9678112e-01   2.1531307e-05             NaN
   2.0000000e-01   9.9889012e-01   0.0000000e+00             NaN
   4.0000000e-01   9.7539639e-01   6.1518019e-05             NaN
   3.5000000e-01   9.9836245e-01   0.0000000e+00             NaN
   3.0000000e-01   9.9616648e-01   1.9993356e-05             NaN
   2.5000000e-01   9.8448753e-01   1.3841554e-05             NaN
   1.5000000e-01   9.9355878e-01   8.4587276e-06             NaN
   2.0000000e-01   9.9836868e-01   2.3069257e-06             NaN
   2.5000000e-01   9.9619978e-01   4.6138514e-06             NaN
   3.0000000e-01   9.9336283e-01   1.0765653e-05             NaN
   3.5000000e-01   9.9785753e-01   7.6897523e-07             NaN
   4.0000000e-01   9.7985450e-01   1.7686430e-05             NaN
   1.5000000e-01   9.9839228e-01   7.6897523e-07             NaN
   2.0000000e-01   9.9612618e-01   0.0000000e+00             NaN
   2.5000000e-01   9.5621237e-01   4.8445440e-05             NaN
   3.0000000e-01   9.9611327e-01   3.0759009e-06             NaN
   3.5000000e-01   9.9727223e-01   0.0000000e+00             NaN
   4.0000000e-01   9.8184818e-01   1.3072579e-05             NaN
   1.5000000e-01   9.9447208e-01   1.3841554e-05             NaN
   2.0000000e-01   9.9778761e-01   0.0000000e+00             NaN
   2.5000000e-01   9.9780340e-01   4.3062613e-05             NaN
   3.0000000e-01   9.8730684e-01   6.9207771e-06             NaN
   3.5000000e-01   9.9778024e-01   7.6897523e-07             NaN
   4.0000000e-01   9.8808879e-01   3.7679786e-05             NaN
   1.5000000e-01   9.9887767e-01   2.1531307e-05             NaN
   2.0000000e-01   9.9945504e-01   9.9966780e-06             NaN
   2.5000000e-01   9.9076087e-01   2.3838232e-05             NaN
   3.0000000e-01   9.9344262e-01   7.6897523e-06             NaN
   3.5000000e-01   9.9724062e-01   0.0000000e+00             NaN
   4.0000000e-01   9.8722932e-01   3.0759009e-05             NaN
   1.5000000e-01   9.9518201e-01   7.6897523e-06             NaN
   2.0000000e-01   9.9779006e-01   0.0000000e+00             NaN
   2.5000000e-01   9.9454744e-01   1.7686430e-05             NaN
   3.0000000e-01   9.9557767e-01   7.6897523e-06             NaN
   3.5000000e-01   9.9885714e-01   1.5379505e-06             NaN
   4.0000000e-01   9.8911268e-01   3.3065935e-05             NaN
   1.5000000e-01   9.9671772e-01   9.9966780e-06             NaN
   2.0000000e-01   9.9617277e-01   0.0000000e+00             NaN
   2.5000000e-01   9.9277778e-01   7.6897523e-06             NaN
   3.0000000e-01   9.9454148e-01   9.2277028e-06             NaN
   3.5000000e-01   9.9719888e-01   0.0000000e+00             NaN
   4.0000000e-01   9.7942158e-01   2.3838232e-05             NaN
   1.5000000e-01   9.9336650e-01   1.6917455e-05             NaN
   2.0000000e-01   9.9888517e-01   0.0000000e+00             NaN
   2.5000000e-01   9.9506579e-01   1.9224381e-05             NaN
   3.0000000e-01   9.8829431e-01   2.9221059e-05             NaN
   3.5000000e-01   9.9832776e-01   0.0000000e+00             NaN
   4.0000000e-01   9.8614958e-01   1.0765653e-05             NaN
   1.5000000e-01   9.9511931e-01   1.7686430e-05             NaN
   2.0000000e-01   9.9835255e-01   0.0000000e+00             NaN
   2.5000000e-01   9.8931624e-01   6.9207771e-06             NaN
   3.0000000e-01   9.9049748e-01   3.8448762e-06             NaN
   3.5000000e-01   9.9838623e-01   0.0000000e+00             NaN
   4.0000000e-01   9.9289229e-01   3.6910811e-05             NaN
   1.5000000e-01   9.9123768e-01   5.3828266e-06             NaN
   2.0000000e-01   9.9946004e-01   1.5379505e-06             NaN
   2.5000000e-01   9.9452355e-01   1.3072579e-05             NaN
   4.0000000e-01   9.9118943e-01   5.7673142e-05             NaN
   3.5000000e-01   9.9781062e-01   7.6897523e-07             NaN
   3.0000000e-01   9.9511666e-01   7.6897523e-06             NaN
   1.5000000e-01   9.9398578e-01   6.1518019e-06             NaN
   2.0000000e-01   9.9835976e-01   0.0000000e+00             NaN
   2.5000000e-01   9.8834628e-01   1.3072579e-05             NaN
   3.0000000e-01   9.9674797e-01   6.1518019e-06             NaN
   3.5000000e-01   9.9780702e-01   7.6897523e-07             NaN
   4.0000000e-01   9.8514851e-01   4.3062613e-05             NaN
   1.5000000e-01   9.9616438e-01   1.9224381e-05             NaN
   2.0000000e-01   9.9666481e-01   1.5379505e-06             NaN
   2.5000000e-01   9.8704104e-01   6.9207771e-06             NaN
   3.0000000e-01   9.9502762e-01   6.1518019e-06             NaN
   3.5000000e-01   9.9567801e-01   0.0000000e+00             NaN
   4.0000000e-01   9.8704803e-01   5.3828266e-06             NaN
   1.5000000e-01   9.9452655e-01   2.2300282e-05             NaN
   2.0000000e-01   9.9785062e-01   2.3069257e-06             NaN
   2.5000000e-01   9.8542117e-01   7.6897523e-07             NaN
   3.0000000e-01   9.9663677e-01   6.9207771e-06             NaN
   3.5000000e-01   9.9834437e-01   0.0000000e+00             NaN
   4.0000000e-01   9.8671832e-01   2.2300282e-05             NaN
   1.5000000e-01   9.9724214e-01   1.9224381e-05             NaN
   2.0000000e-01   9.9778883e-01   1.5379505e-06             NaN
   2.5000000e-01   9.9663300e-01   1.1534628e-05             NaN
   3.0000000e-01   9.9561404e-01   3.8448762e-06             NaN
   3.5000000e-01   9.9727669e-01   0.0000000e+00             NaN
   4.0000000e-01   9.9393605e-01   7.0745721e-05             NaN
   1.5000000e-01   9.6661102e-01   1.4610529e-05             NaN
   2.0000000e-01   9.9617277e-01   0.0000000e+00             NaN
   2.5000000e-01   9.8440111e-01   3.8448762e-06             NaN
   3.0000000e-01   9.8899285e-01   1.6917455e-05             NaN
   3.5000000e-01   9.9836066e-01   1.5379505e-06             NaN
   4.0000000e-01   9.8449612e-01   1.6917455e-05             NaN
   1.5000000e-01   9.9609157e-01   8.4587276e-06             NaN
   2.0000000e-01   9.9945887e-01   6.1518019e-06             NaN
   2.5000000e-01   9.9555309e-01   9.2277028e-06             NaN
   3.0000000e-01   9.9288451e-01   1.3072579e-05             NaN
   3.5000000e-01   9.9723604e-01   0.0000000e+00             NaN
   4.0000000e-01   9.8965142e-01   1.1534628e-05             NaN
   1.5000000e-01   9.9833426e-01   2.6914133e-05             NaN
   2.0000000e-01   9.9944598e-01   0.0000000e+00             NaN
   2.5000000e-01   9.6635411e-01   3.2296960e-05             NaN
   3.0000000e-01   9.8899285e-01   7.6897523e-06             NaN
   3.5000000e-01   9.9669967e-01   0.0000000e+00             NaN
   4.0000000e-01   9.8389694e-01   3.0759009e-05             NaN
   1.5000000e-01   9.9724366e-01   1.6917455e-05             NaN
   2.0000000e-01   9.9889135e-01   0.0000000e+00             NaN
   2.5000000e-01   9.9387869e-01   9.2277028e-06             NaN
   3.0000000e-01   9.9126638e-01   3.0759009e-06             NaN
   3.5000000e-01   9.9782963e-01   1.5379505e-06             NaN
   4.0000000e-01   9.9238303e-01   2.9990034e-05             NaN
   1.5000000e-01   9.9162946e-01   1.4610529e-05             NaN
   2.0000000e-01   9.9890231e-01   7.6897523e-07             NaN
   2.5000000e-01   9.9438833e-01   4.6138514e-06             NaN
   3.0000000e-01   9.9517426e-01   9.2277028e-06             NaN
   3.5000000e-01   9.9944598e-01   7.6897523e-07             NaN
   4.0000000e-01   9.8945031e-01   3.2296960e-05             NaN
   1.5000000e-01   9.7115918e-01   3.9986712e-05             NaN
   2.0000000e-01   9.9833055e-01   7.6897523e-07             NaN
   2.5000000e-01   9.8886414e-01   1.8455406e-05             NaN
   3.0000000e-01   9.9290780e-01   2.3069257e-06             NaN
   3.5000000e-01   9.9889868e-01   7.6897523e-07             NaN
   4.0000000e-01   9.9079090e-01   2.2300282e-05             NaN
   1.5000000e-01   9.9669785e-01   9.2277028e-06             NaN
   2.0000000e-01   9.9779006e-01   0.0000000e+00             NaN
   2.5000000e-01   9.8570643e-01   3.8448762e-06             NaN
   3.0000000e-01   9.9557522e-01   1.9224381e-05             NaN
   3.5000000e-01   9.9726477e-01   0.0000000e+00             NaN
   4.0000000e-01   9.8024149e-01   1.8455406e-05             NaN
   1.5000000e-01   9.9624060e-01   1.3072579e-05             NaN
   2.0000000e-01   9.9945235e-01   5.3828266e-06             NaN
   2.5000000e-01   9.9097065e-01   2.1531307e-05             NaN
   3.0000000e-01   9.9675500e-01   1.6148480e-05             NaN
   3.5000000e-01   9.9779006e-01   0.0000000e+00             NaN
   4.0000000e-01   9.8923574e-01   6.1518019e-06             NaN
   1.5000000e-01   9.9401523e-01   1.4610529e-05             NaN
   2.0000000e-01   9.9728261e-01   3.8448762e-06             NaN
   2.5000000e-01   9.9503859e-01   1.8455406e-05             NaN
   3.0000000e-01   9.9617695e-01   1.6917455e-05             NaN
   3.5000000e-01   9.9725877e-01   6.1518019e-06             NaN
   4.0000000e-01   9.4800219e-01   5.0752365e-05             NaN
   1.5000000e-01   9.9502212e-01   1.3072579e-05             NaN
   2.0000000e-01   9.9888268e-01   1.4610529e-05             NaN
   2.5000000e-01   9.8824846e-01   4.6138514e-06             NaN
   3.0000000e-01   9.9263039e-01   4.6138514e-06             NaN
   3.5000000e-01   9.9780220e-01   5.3828266e-06             NaN
   4.0000000e-01   9.8047964e-01   6.9207771e-06             NaN
   1.5000000e-01   9.9608282e-01   2.7683108e-05             NaN
   2.0000000e-01   9.9944629e-01   4.6138514e-06             NaN
   2.5000000e-01   9.9223516e-01   7.6897523e-06             NaN
   3.0000000e-01   9.9498328e-01   1.4610529e-05             NaN
   3.5000000e-01   9.8725762e-01   6.9207771e-06             NaN
   4.0000000e-01   9.8511577e-01   2.3069257e-05             NaN
   1.5000000e-01   9.9290393e-01   6.9207771e-06             NaN
   2.0000000e-01   9.5744681e-01   3.9986712e-05             NaN
   2.5000000e-01   9.9176729e-01   9.9966780e-06             NaN
   3.0000000e-01   9.9449642e-01   4.6138514e-06             NaN
   3.5000000e-01   9.9833887e-01   2.3069257e-06             NaN
   4.0000000e-01   9.8970748e-01   6.1518019e-06             NaN
   1.5000000e-01   9.9455634e-01   6.1518019e-06             NaN
   2.0000000e-01   9.9670148e-01   1.5379505e-06             NaN
   4.0000000e-01   9.8689956e-01   2.3838232e-05             NaN
   3.5000000e-01   9.9890110e-01   3.0759009e-06             NaN
   3.0000000e-01   9.9024390e-01   5.3828266e-06             NaN
   2.5000000e-01   9.9492672e-01   1.5379505e-05             NaN
   1.5000000e-01   9.9127114e-01   1.1534628e-05             NaN
   2.0000000e-01   9.9120879e-01   4.0755687e-05             NaN
   2.5000000e-01   9.9061810e-01   1.4610529e-05             NaN
   3.0000000e-01   9.9013158e-01   1.5379505e-06             NaN
   3.5000000e-01   9.9944598e-01   0.0000000e+00             NaN
   4.0000000e-01   9.8715891e-01   2.3069257e-05             NaN
   1.5000000e-01   9.9442897e-01   4.6138514e-06             NaN
   2.0000000e-01   9.9891008e-01   4.6138514e-06             NaN
   2.5000000e-01   9.9774521e-01   2.1531307e-05             NaN
   3.0000000e-01   9.9453850e-01   1.6148480e-05             NaN
   3.5000000e-01   9.9835616e-01   7.6897523e-07             NaN
   4.0000000e-01   9.9397920e-01   5.2290316e-05             NaN
   1.5000000e-01   9.9399563e-01   1.3072579e-05             NaN
   2.0000000e-01   9.9891186e-01   3.8448762e-06             NaN
   2.5000000e-01   9.9293094e-01   1.4610529e-05             NaN
   3.0000000e-01   9.9561644e-01   3.0759009e-06             NaN
   3.5000000e-01   9.9784250e-01   0.0000000e+00             NaN
   4.0000000e-01   9.8413567e-01   2.9990034e-05             NaN
   1.5000000e-01   9.7172949e-01   4.6907489e-05             NaN
   2.0000000e-01   9.9890770e-01   4.6138514e-06             NaN
   2.5000000e-01   9.9121844e-01   6.1518019e-06             NaN
   3.0000000e-01   9.9394273e-01   7.6897523e-06             NaN
   3.5000000e-01   9.9665924e-01   0.0000000e+00             NaN
   4.0000000e-01   9.8906506e-01   2.8452084e-05             NaN
   1.5000000e-01   9.9835436e-01   2.9221059e-05             NaN
   2.0000000e-01   9.9890591e-01   0.0000000e+00             NaN
   2.5000000e-01   9.8630137e-01   1.3841554e-05             NaN
   3.0000000e-01   9.9225235e-01   3.8448762e-06             NaN
   3.5000000e-01   9.9833055e-01   0.0000000e+00             NaN
   4.0000000e-01   9.8577681e-01   1.6148480e-05             NaN
   1.5000000e-01   9.9163413e-01   1.1534628e-05             NaN
   2.0000000e-01   9.9835706e-01   3.0759009e-06             NaN
   2.5000000e-01   9.9062328e-01   1.3072579e-05             NaN
   3.0000000e-01   9.9166203e-01   6.9207771e-06             NaN
   3.5000000e-01   9.9784134e-01   0.0000000e+00             NaN
   4.0000000e-01   9.8752711e-01   2.6145158e-05             NaN
   1.5000000e-01   9.9448124e-01   1.2303604e-05             NaN
   2.0000000e-01   9.9890591e-01   1.5379505e-06             NaN
   4.0000000e-01   9.9109627e-01   2.8452084e-05             NaN
   3.5000000e-01   9.9777778e-01   0.0000000e+00             NaN
   3.0000000e-01   9.9433428e-01   3.8448762e-06             NaN
   2.5000000e-01   9.9123288e-01   9.9966780e-06             NaN
   1.5000000e-01   9.9886621e-01   1.9993356e-05             NaN
   2.0000000e-01   9.9945682e-01   3.0759009e-06             NaN
   2.5000000e-01   9.9392936e-01   1.5379505e-05             NaN
   3.0000000e-01   9.9619565e-01   1.5379505e-05             NaN
   3.5000000e-01   9.9833241e-01   0.0000000e+00             NaN
   4.0000000e-01   9.8829431e-01   2.9221059e-05             NaN
   1.5000000e-01   9.9836334e-01   8.4587276e-06             NaN
   2.0000000e-01   9.9730313e-01   0.0000000e+00             NaN
   2.5000000e-01   9.9559471e-01   5.0752365e-05             NaN
   3.0000000e-01   9.9667221e-01   7.6897523e-06             NaN
   3.5000000e-01   9.9674090e-01   0.0000000e+00             NaN
   4.0000000e-01   9.7769314e-01   2.5376183e-05             NaN
   1.5000000e-01   9.9725124e-01   1.6917455e-05             NaN
   2.0000000e-01   9.9502488e-01   2.3069257e-06             NaN
   2.5000000e-01   9.9180328e-01   1.1534628e-05             NaN
   3.0000000e-01   9.9455930e-01   4.6138514e-06             NaN
   3.5000000e-01   9.9729437e-01   0.0000000e+00             NaN
   4.0000000e-01   9.8601007e-01   1.8455406e-05             NaN
   1.5000000e-01   9.9399563e-01   1.8455406e-05             NaN
   2.0000000e-01   9.9780340e-01   0.0000000e+00             NaN
   2.5000000e-01   9.5565170e-01   2.5376183e-05             NaN
   3.0000000e-01   9.8968512e-01   1.3072579e-05             NaN
   3.5000000e-01   9.9717035e-01   0.0000000e+00             NaN
   4.0000000e-01   9.9126161e-01   2.7683108e-05             NaN
   1.5000000e-01   9.9394273e-01   9.2277028e-06             NaN
   2.0000000e-01   9.9507119e-01   0.0000000e+00             NaN
   2.5000000e-01   9.9167592e-01   1.6148480e-05             NaN
   3.0000000e-01   9.9335180e-01   4.6138514e-06             NaN
   3.5000000e-01   9.9616228e-01   0.0000000e+00             NaN
   4.0000000e-01   9.9001110e-01   3.5372861e-05             NaN
   1.5000000e-01   9.9837310e-01   1.3072579e-05             NaN
   2.0000000e-01   9.9944843e-01   0.0000000e+00             NaN
   2.5000000e-01   9.9511931e-01   8.4587276e-06             NaN
   3.0000000e-01   9.9674090e-01   1.0765653e-05             NaN
   3.5000000e-01   9.9726627e-01   0.0000000e+00             NaN
   4.0000000e-01   8.7356948e-01   6.6131870e-05             NaN
   1.5000000e-01   9.9726627e-01   1.9993356e-05             NaN
   2.0000000e-01   9.9724821e-01   3.8448762e-06             NaN
   2.5000000e-01   9.9561644e-01   1.4610529e-05             NaN
   3.0000000e-01   9.9235390e-01   1.5379505e-05             NaN
   3.5000000e-01   9.9836868e-01   0.0000000e+00             NaN
   4.0000000e-01   9.8256131e-01   2.3838232e-05             NaN
   1.5000000e-01   9.9557032e-01   1.2303604e-05             NaN
   2.0000000e-01   9.9889319e-01   0.0000000e+00             NaN
   2.5000000e-01   9.9557032e-01   1.3841554e-05             NaN
   3.0000000e-01   9.9513776e-01   9.2277028e-06             NaN
   3.5000000e-01   9.9726177e-01   0.0000000e+00             NaN
   4.0000000e-01   9.9075585e-01   2.3838232e-05             NaN
   1.5000000e-01   9.9508734e-01   2.0762331e-05             NaN
   2.0000000e-01   1.0000000e+00   1.5379505e-06             NaN
   2.5000000e-01   9.9559229e-01   1.7686430e-05             NaN
   3.0000000e-01   9.8853086e-01   6.1518019e-06             NaN
   3.5000000e-01   9.9839056e-01   0.0000000e+00             NaN
   4.0000000e-01   9.8389783e-01   1.7686430e-05             NaN
   1.5000000e-01   9.9618529e-01   1.2303604e-05             NaN
   2.0000000e-01   1.0000000e+00   4.6138514e-06             NaN
   2.5000000e-01   9.9387187e-01   3.4603885e-05             NaN
   3.0000000e-01   9.9616438e-01   1.6917455e-05             NaN
   3.5000000e-01   9.8274903e-01   6.9207771e-06             NaN
   4.0000000e-01   9.8668147e-01   3.4603885e-05             NaN
   1.5000000e-01   9.9282956e-01   3.8448762e-06             NaN
   2.0000000e-01   9.9945534e-01   5.3828266e-06             NaN
   2.5000000e-01   9.6162162e-01   4.1524663e-05             NaN
   3.0000000e-01   9.9563319e-01   2.8452084e-05             NaN
   3.5000000e-01   9.9890531e-01   3.0759009e-06             NaN
   4.0000000e-01   9.8564329e-01   2.9990034e-05             NaN
   1.5000000e-01   9.9561163e-01   1.0765653e-05             NaN
   2.0000000e-01   9.9945175e-01   2.3069257e-06             NaN
   2.5000000e-01   9.9509269e-01   1.4610529e-05             NaN
   3.0000000e-01   9.9505223e-01   1.3072579e-05             NaN
   3.5000000e-01   9.9672846e-01   0.0000000e+00             NaN
   4.0000000e-01   9.7643836e-01   1.9993356e-05             NaN
   1.5000000e-01   9.9832309e-01   3.9986712e-05             NaN
   2.0000000e-01   9.9890531e-01   3.8448762e-06             NaN
   2.5000000e-01   9.9451754e-01   9.2277028e-06             NaN
   3.0000000e-01   9.9351351e-01   5.3828266e-06             NaN
   3.5000000e-01   9.9834528e-01   0.0000000e+00             NaN
   4.0000000e-01   9.9564744e-01   3.0759009e-05             NaN
   1.5000000e-01   9.9671772e-01   6.1518019e-06             NaN
   4.0000000e-01   9.7081498e-01   5.6135192e-05             NaN
   3.5000000e-01   9.9778024e-01   0.0000000e+00             NaN
   3.0000000e-01   9.9406368e-01   3.0759009e-06             NaN
   2.5000000e-01   9.9401523e-01   8.4587276e-06             NaN
   2.0000000e-01   9.9945175e-01   5.3828266e-06             NaN
   1.5000000e-01   9.9676898e-01   2.1531307e-05             NaN
   2.0000000e-01   9.9944598e-01   3.0759009e-06             NaN
   2.5000000e-01   9.8451327e-01   1.9993356e-05             NaN
   3.0000000e-01   9.9405084e-01   6.9207771e-06             NaN
   3.5000000e-01   9.9785293e-01   1.5379505e-06             NaN
   4.0000000e-01   9.5942982e-01   1.3072579e-05             NaN
   1.5000000e-01   9.9557522e-01   9.9966780e-06             NaN
   2.0000000e-01   9.9945946e-01   9.2277028e-06             NaN
   2.5000000e-01   9.9233297e-01   1.6917455e-05             NaN
   3.0000000e-01   9.9452055e-01   9.2277028e-06             NaN
   3.5000000e-01   9.9889989e-01   0.0000000e+00             NaN
   4.0000000e-01   9.8392461e-01   4.0755687e-05             NaN
   1.5000000e-01   9.9173554e-01   1.7686430e-05             NaN
   2.0000000e-01   9.9944290e-01   0.0000000e+00             NaN
   2.5000000e-01   9.9187872e-01   1.9224381e-05             NaN
   3.0000000e-01   9.9124726e-01   3.0759009e-06             NaN
   3.5000000e-01   9.9889503e-01   7.6897523e-07             NaN
   4.0000000e-01   9.8108108e-01   2.3069257e-05             NaN
   1.5000000e-01   9.9727074e-01   1.3072579e-05             NaN
   2.0000000e-01   9.9670872e-01   2.3069257e-06             NaN
   2.5000000e-01   9.5531335e-01   4.3831588e-05             NaN
   3.0000000e-01   9.9332220e-01   1.3072579e-05             NaN
   3.5000000e-01   9.9837134e-01   7.6897523e-07             NaN
   4.0000000e-01   9.9067471e-01   6.4593920e-05             NaN
