   1.5000000e-01   9.9725576e-01   3.6776198e-05             NaN
   2.0000000e-01   9.9945055e-01   2.0686612e-05             NaN
   2.5000000e-01   9.9560681e-01   9.8836033e-05             NaN
   3.0000000e-01   9.9451454e-01   4.5970248e-06             NaN
   3.5000000e-01   9.9725576e-01   0.0000000e+00             NaN
   4.0000000e-01   9.8572997e-01   6.6656860e-05             NaN
   1.5000000e-01   9.9780099e-01   1.1722413e-04             NaN
   2.0000000e-01   9.9945025e-01   2.0686612e-05             NaN
   2.5000000e-01   9.8521358e-01   1.1492562e-05             NaN
   3.0000000e-01   9.9780220e-01   1.1952264e-04             NaN
   3.5000000e-01   9.9670872e-01   0.0000000e+00             NaN
   4.0000000e-01   9.9285714e-01   2.6432893e-04             NaN
   1.5000000e-01   9.9945115e-01   1.0803008e-04             NaN
   2.0000000e-01   9.9890110e-01   9.1940496e-06             NaN
   2.5000000e-01   9.9450851e-01   1.2182116e-04             NaN
   3.0000000e-01   9.9450549e-01   1.6089587e-05             NaN
   3.5000000e-01   9.9725426e-01   0.0000000e+00             NaN
   4.0000000e-01   9.9066959e-01   1.0803008e-04             NaN
   1.5000000e-01   9.9121844e-01   1.0343306e-04             NaN
   2.0000000e-01   9.9835526e-01   4.5970248e-06             NaN
   2.5000000e-01   9.9121362e-01   8.7343471e-05             NaN
   3.0000000e-01   9.9450549e-01   3.9074711e-05             NaN
   3.5000000e-01   9.9395604e-01   2.5283636e-05             NaN
   4.0000000e-01   9.8683489e-01   2.0686612e-05             NaN
   1.5000000e-01   9.8682043e-01   2.5743339e-04             NaN
   2.0000000e-01   9.9945145e-01   3.4477686e-05             NaN
   2.5000000e-01   9.8845520e-01   2.4134380e-04             NaN
   3.0000000e-01   9.9560440e-01   1.6089587e-05             NaN
   3.5000000e-01   9.9780581e-01   6.8955372e-06             NaN
   4.0000000e-01   9.9506579e-01   7.8149422e-05             NaN
   1.5000000e-01   9.9945145e-01   8.7343471e-05             NaN
   2.0000000e-01   9.9615385e-01   3.2179174e-05             NaN
   2.5000000e-01   9.8629386e-01   3.9074711e-05             NaN
   3.0000000e-01   9.9670511e-01   5.5164298e-05             NaN
   3.5000000e-01   9.9780461e-01   1.3791074e-05             NaN
   4.0000000e-01   9.9341744e-01   5.5164298e-05             NaN
   1.5000000e-01   9.9835436e-01   1.1492562e-04             NaN
   2.0000000e-01   9.9945115e-01   4.1373223e-05             NaN
   2.5000000e-01   9.9011532e-01   8.2746446e-05             NaN
   3.0000000e-01   9.9780099e-01   1.0343306e-04             NaN
   3.5000000e-01   9.9287281e-01   2.2985124e-06             NaN
   4.0000000e-01   9.9230769e-01   2.3674678e-04             NaN
   1.5000000e-01   9.9231614e-01   4.8268760e-05             NaN
   2.0000000e-01   9.9945085e-01   3.6776198e-05             NaN
   2.5000000e-01   9.9780340e-01   7.8149422e-05             NaN
   3.0000000e-01   9.9395604e-01   2.5283636e-05             NaN
   3.5000000e-01   9.9780702e-01   2.2985124e-06             NaN
   4.0000000e-01   9.9451153e-01   8.2746446e-05             NaN
   1.5000000e-01   9.9890170e-01   2.7582149e-05             NaN
   2.0000000e-01   9.9780340e-01   1.1492562e-05             NaN
   2.5000000e-01   9.9122326e-01   3.9074711e-05             NaN
   3.0000000e-01   9.9725576e-01   9.1940496e-06             NaN
   3.5000000e-01   9.9944994e-01   1.2641818e-04             NaN
   4.0000000e-01   9.8463227e-01   8.0447934e-05             NaN
   1.5000000e-01   9.9945145e-01   7.3552397e-05             NaN
   2.0000000e-01   9.9890231e-01   2.2985124e-06             NaN
   2.5000000e-01   9.9011532e-01   1.5170182e-04             NaN
   3.0000000e-01   9.9615596e-01   1.6089587e-05             NaN
   3.5000000e-01   9.9779978e-01   8.5044959e-05             NaN
   4.0000000e-01   9.9065934e-01   2.2525422e-04             NaN
   1.5000000e-01   9.9890110e-01   8.5044959e-05             NaN
   2.0000000e-01   9.9890170e-01   1.1492562e-05             NaN
   2.5000000e-01   9.8464912e-01   2.0686612e-05             NaN
   3.0000000e-01   9.9506308e-01   2.2985124e-05             NaN
   3.5000000e-01   9.9121844e-01   4.5970248e-06             NaN
   4.0000000e-01   9.9451153e-01   5.5164298e-05             NaN
   1.5000000e-01   9.9835255e-01   1.2641818e-04             NaN
   2.0000000e-01   9.9780461e-01   2.7582149e-05             NaN
   2.5000000e-01   9.8738343e-01   1.0803008e-04             NaN
   3.0000000e-01   9.9395936e-01   9.4239009e-05             NaN
   3.5000000e-01   9.9780581e-01   0.0000000e+00             NaN
   4.0000000e-01   9.9395936e-01   1.7928397e-04             NaN
   1.5000000e-01   9.9835255e-01   6.4358347e-05             NaN
   2.0000000e-01   9.9889989e-01   6.8955372e-06             NaN
   2.5000000e-01   9.9340659e-01   2.8271703e-04             NaN
   3.0000000e-01   9.9780461e-01   3.4477686e-05             NaN
   3.5000000e-01   9.9670692e-01   0.0000000e+00             NaN
   4.0000000e-01   9.9232035e-01   9.4239009e-05             NaN
   1.5000000e-01   9.8956617e-01   1.7008992e-04             NaN
   2.0000000e-01   9.9780099e-01   1.1492562e-05             NaN
   2.5000000e-01   9.9286890e-01   1.0113455e-04             NaN
   3.0000000e-01   9.9890170e-01   9.6537521e-05             NaN
   3.5000000e-01   9.9835436e-01   9.1940496e-06             NaN
   4.0000000e-01   9.9011532e-01   2.2985124e-04             NaN
   1.5000000e-01   9.9506308e-01   1.1032860e-04             NaN
   2.0000000e-01   9.9945145e-01   6.8955372e-06             NaN
   2.5000000e-01   9.9177180e-01   8.7343471e-05             NaN
   3.0000000e-01   9.9725275e-01   1.3791074e-04             NaN
   3.5000000e-01   9.9780340e-01   6.8955372e-06             NaN
   4.0000000e-01   9.9012075e-01   8.2746446e-05             NaN
   1.5000000e-01   9.9945085e-01   6.4358347e-05             NaN
   2.0000000e-01   9.9890170e-01   3.2179174e-05             NaN
   2.5000000e-01   9.8956617e-01   1.1722413e-04             NaN
   3.0000000e-01   9.9835436e-01   2.2985124e-06             NaN
   3.5000000e-01   9.9945205e-01   2.2985124e-06             NaN
   4.0000000e-01   9.8958333e-01   3.9074711e-05             NaN
   1.5000000e-01   9.9835165e-01   1.6319438e-04             NaN
   2.0000000e-01   9.9725275e-01   5.7462810e-05             NaN
   2.5000000e-01   9.9506308e-01   1.0113455e-04             NaN
   3.0000000e-01   9.9780461e-01   6.4358347e-05             NaN
   3.5000000e-01   9.9835346e-01   2.2985124e-06             NaN
   4.0000000e-01   9.8793198e-01   4.1373223e-05             NaN
   1.5000000e-01   9.9065934e-01   1.9077653e-04             NaN
   2.0000000e-01   9.9890170e-01   1.1492562e-05             NaN
   2.5000000e-01   9.9780822e-01   2.0686612e-05             NaN
   3.0000000e-01   9.9670692e-01   1.8388099e-05             NaN
   3.5000000e-01   9.9945085e-01   4.5970248e-06             NaN
   4.0000000e-01   9.9231614e-01   1.8158248e-04             NaN
   1.5000000e-01   9.9945055e-01   1.0113455e-04             NaN
   2.0000000e-01   9.9890291e-01   9.1940496e-06             NaN
   2.5000000e-01   9.9012617e-01   6.6656860e-05             NaN
   3.0000000e-01   9.9396268e-01   1.3791074e-05             NaN
   3.5000000e-01   9.9890170e-01   1.8388099e-05             NaN
   4.0000000e-01   9.8404840e-01   1.9077653e-04             NaN
   1.5000000e-01   9.9780220e-01   2.5513488e-04             NaN
   2.0000000e-01   9.9670330e-01   1.0343306e-04             NaN
   2.5000000e-01   9.8845520e-01   4.4361289e-04             NaN
   3.0000000e-01   9.9725426e-01   3.6776198e-05             NaN
   3.5000000e-01   9.9835436e-01   4.5970248e-06             NaN
   4.0000000e-01   9.8956044e-01   2.2065719e-04             NaN
   1.5000000e-01   9.9725576e-01   4.5970248e-05             NaN
   2.0000000e-01   9.9725275e-01   1.8388099e-05             NaN
   2.5000000e-01   9.9121844e-01   1.9077653e-04             NaN
   3.0000000e-01   9.9780461e-01   1.3791074e-05             NaN
   3.5000000e-01   9.9725576e-01   2.2985124e-05             NaN
   4.0000000e-01   9.8846787e-01   1.5859736e-04             NaN
   1.5000000e-01   9.9780461e-01   7.3552397e-05             NaN
   2.0000000e-01   9.9945115e-01   9.1940496e-06             NaN
   2.5000000e-01   9.9560922e-01   8.9641984e-05             NaN
   3.0000000e-01   9.9560922e-01   6.8955372e-06             NaN
   3.5000000e-01   9.9725426e-01   4.5970248e-06             NaN
   4.0000000e-01   9.8957762e-01   7.5850909e-05             NaN
   1.5000000e-01   9.9890110e-01   1.8847802e-04             NaN
   2.0000000e-01   9.9945115e-01   6.8955372e-06             NaN
   2.5000000e-01   9.8794521e-01   5.0567273e-05             NaN
   3.0000000e-01   9.9616018e-01   2.2985124e-06             NaN
   3.5000000e-01   9.9725576e-01   4.5970248e-06             NaN
   4.0000000e-01   9.9286107e-01   1.7698546e-04             NaN
   1.5000000e-01   9.9835526e-01   7.3552397e-05             NaN
   2.0000000e-01   1.0000000e+00   5.7462810e-05             NaN
   2.5000000e-01   9.9065421e-01   2.2755273e-04             NaN
   3.0000000e-01   9.9890231e-01   2.7582149e-05             NaN
   3.5000000e-01   9.9780461e-01   2.2985124e-06             NaN
   4.0000000e-01   9.7531541e-01   1.3561223e-04             NaN
   1.5000000e-01   9.9890110e-01   3.3328430e-04             NaN
   2.0000000e-01   9.9835346e-01   9.1940496e-06             NaN
   2.5000000e-01   9.9177632e-01   4.1373223e-05             NaN
   3.0000000e-01   9.9725576e-01   2.0686612e-05             NaN
   3.5000000e-01   9.9780340e-01   9.1940496e-06             NaN
   4.0000000e-01   9.9067471e-01   6.2059835e-05             NaN
   1.5000000e-01   9.9615807e-01   1.0573157e-04             NaN
   2.0000000e-01   9.9945085e-01   7.1253884e-05             NaN
   2.5000000e-01   9.9177180e-01   6.2059835e-05             NaN
   3.0000000e-01   9.9725727e-01   9.1940496e-06             NaN
   3.5000000e-01   9.9670872e-01   0.0000000e+00             NaN
   4.0000000e-01   9.8297639e-01   2.5053785e-04             NaN
   1.5000000e-01   9.9780702e-01   8.7343471e-05             NaN
   2.0000000e-01   9.9835255e-01   2.9880661e-05             NaN
   2.5000000e-01   9.9341021e-01   1.2411967e-04             NaN
   3.0000000e-01   9.9451153e-01   2.7582149e-05             NaN
   3.5000000e-01   9.9725877e-01   6.8955372e-06             NaN
   4.0000000e-01   9.8902305e-01   1.2871669e-04             NaN
   1.5000000e-01   9.9945055e-01   1.2411967e-04             NaN
   2.0000000e-01   9.9890231e-01   4.5970248e-06             NaN
   2.5000000e-01   9.8298573e-01   1.3791074e-05             NaN
   3.0000000e-01   9.9505766e-01   9.1940496e-06             NaN
   3.5000000e-01   9.9670692e-01   2.2985124e-06             NaN
   4.0000000e-01   9.9120879e-01   2.2985124e-04             NaN
   1.5000000e-01   9.9835165e-01   6.6656860e-05             NaN
   2.0000000e-01   9.9725124e-01   1.0573157e-04             NaN
   2.5000000e-01   9.9560681e-01   2.4364231e-04             NaN
   3.0000000e-01   9.9670330e-01   9.6537521e-05             NaN
   3.5000000e-01   9.9835436e-01   0.0000000e+00             NaN
   4.0000000e-01   9.8240792e-01   3.1719471e-04             NaN
   1.5000000e-01   9.9615173e-01   3.5856793e-04             NaN
   2.0000000e-01   9.9725576e-01   1.6089587e-05             NaN
   2.5000000e-01   9.9120879e-01   4.3901587e-04             NaN
   3.0000000e-01   9.9670692e-01   6.8955372e-06             NaN
   3.5000000e-01   9.9725727e-01   4.5970248e-06             NaN
   4.0000000e-01   9.9231192e-01   1.7698546e-04             NaN
   1.5000000e-01   1.0000000e+00   3.6776198e-05             NaN
   2.0000000e-01   9.9945115e-01   1.1492562e-05             NaN
   2.5000000e-01   9.1113549e-01   1.9537355e-04             NaN
   3.0000000e-01   9.9560681e-01   5.7462810e-05             NaN
   3.5000000e-01   9.9616018e-01   2.9880661e-05             NaN
   4.0000000e-01   9.8958904e-01   4.3671736e-05             NaN
   1.5000000e-01   9.9945145e-01   9.1940496e-05             NaN
   2.0000000e-01   9.9286890e-01   5.9761322e-05             NaN
   2.5000000e-01   9.8355263e-01   3.4477686e-05             NaN
   3.0000000e-01   9.9725426e-01   5.0567273e-05             NaN
   3.5000000e-01   9.9835346e-01   1.1492562e-05             NaN
   4.0000000e-01   9.8680594e-01   5.3555339e-04             NaN
   1.5000000e-01   9.9890110e-01   1.5629884e-04             NaN
   2.0000000e-01   9.9945115e-01   9.1940496e-06             NaN
   2.5000000e-01   9.8240792e-01   1.1492562e-04             NaN
   3.0000000e-01   9.9890170e-01   5.7462810e-05             NaN
   3.5000000e-01   9.9780461e-01   6.8955372e-06             NaN
   4.0000000e-01   9.8846154e-01   1.9077653e-04             NaN
   1.5000000e-01   9.9450851e-01   1.1952264e-04             NaN
   2.0000000e-01   9.9725576e-01   6.8955372e-06             NaN
   2.5000000e-01   9.9560922e-01   7.5850909e-05             NaN
   3.0000000e-01   9.9725576e-01   4.3671736e-05             NaN
   3.5000000e-01   9.9780099e-01   2.7582149e-05             NaN
   4.0000000e-01   9.9341744e-01   8.2746446e-05             NaN
   1.5000000e-01   9.9725727e-01   3.2179174e-05             NaN
   2.0000000e-01   9.9560922e-01   5.7462810e-05             NaN
   2.5000000e-01   9.9890231e-01   8.0447934e-05             NaN
   3.0000000e-01   9.9560681e-01   2.2985124e-05             NaN
   3.5000000e-01   9.9725576e-01   2.2985124e-06             NaN
   4.0000000e-01   9.8242724e-01   1.7698546e-04             NaN
   1.5000000e-01   9.9505223e-01   5.1716529e-04             NaN
   2.0000000e-01   9.9945115e-01   1.3791074e-05             NaN
   2.5000000e-01   9.9560922e-01   1.3101521e-04             NaN
   3.0000000e-01   9.9615596e-01   2.2985124e-05             NaN
   3.5000000e-01   9.9835255e-01   6.2059835e-05             NaN
   4.0000000e-01   9.9012075e-01   1.5400033e-04             NaN
   1.5000000e-01   9.9670692e-01   4.5970248e-05             NaN
   2.0000000e-01   1.0000000e+00   1.4710479e-04             NaN
   2.5000000e-01   9.8846154e-01   1.7698546e-04             NaN
   3.0000000e-01   9.9725426e-01   8.2746446e-05             NaN
   3.5000000e-01   9.9835074e-01   9.1940496e-06             NaN
   4.0000000e-01   9.9670692e-01   1.5629884e-04             NaN
   1.5000000e-01   9.9725426e-01   1.4940331e-04             NaN
   2.0000000e-01   9.9945085e-01   0.0000000e+00             NaN
   2.5000000e-01   9.7309171e-01   3.8385157e-04             NaN
   3.0000000e-01   9.9670692e-01   6.4358347e-05             NaN
   3.5000000e-01   9.9780340e-01   4.3671736e-05             NaN
   4.0000000e-01   9.9176277e-01   1.1952264e-04             NaN
   1.5000000e-01   9.9835165e-01   4.0223967e-04             NaN
   2.0000000e-01   9.9560198e-01   1.1262711e-04             NaN
   2.5000000e-01   9.9615173e-01   1.9767207e-04             NaN
   3.0000000e-01   9.9561163e-01   2.0686612e-05             NaN
   3.5000000e-01   9.9671233e-01   0.0000000e+00             NaN
   4.0000000e-01   9.8517298e-01   9.1940496e-05             NaN
   1.5000000e-01   9.9505223e-01   2.1146314e-04             NaN
   2.0000000e-01   9.9671053e-01   0.0000000e+00             NaN
   2.5000000e-01   9.9232035e-01   1.1722413e-04             NaN
   3.0000000e-01   9.9670148e-01   2.4364231e-04             NaN
   3.5000000e-01   9.9780461e-01   2.2985124e-06             NaN
   4.0000000e-01   9.9286890e-01   8.9641984e-05             NaN
   1.5000000e-01   9.9945085e-01   2.5743339e-04             NaN
   2.0000000e-01   9.9780340e-01   2.2985124e-05             NaN
   2.5000000e-01   9.7914380e-01   4.8268760e-05             NaN
   3.0000000e-01   9.9616228e-01   2.0686612e-05             NaN
   3.5000000e-01   9.9780340e-01   9.1940496e-06             NaN
   4.0000000e-01   9.9340659e-01   2.0226909e-04             NaN
   1.5000000e-01   9.9834983e-01   3.4477686e-04             NaN
   2.0000000e-01   9.9835346e-01   2.0686612e-05             NaN
   2.5000000e-01   9.8737651e-01   1.0113455e-04             NaN
   3.0000000e-01   9.9615596e-01   3.9074711e-05             NaN
   3.5000000e-01   9.9725576e-01   1.1492562e-05             NaN
   4.0000000e-01   9.9560922e-01   1.4710479e-04             NaN
   1.5000000e-01   9.9177632e-01   3.9074711e-05             NaN
   2.0000000e-01   9.9506308e-01   2.2985124e-05             NaN
   2.5000000e-01   9.8463227e-01   9.1940496e-06             NaN
   3.0000000e-01   9.9780581e-01   5.9761322e-05             NaN
   3.5000000e-01   9.9835074e-01   2.2985124e-06             NaN
   4.0000000e-01   9.9341744e-01   1.1492562e-04             NaN
   1.5000000e-01   9.9890231e-01   1.1492562e-05             NaN
   2.0000000e-01   9.9230769e-01   1.5629884e-04             NaN
   2.5000000e-01   9.9010445e-01   3.3328430e-04             NaN
   3.0000000e-01   9.9561404e-01   2.2985124e-06             NaN
   3.5000000e-01   9.9560681e-01   9.1940496e-06             NaN
   4.0000000e-01   9.7968149e-01   9.1940496e-05             NaN
   1.5000000e-01   9.9671053e-01   2.0686612e-05             NaN
   2.0000000e-01   9.9890170e-01   1.6089587e-05             NaN
   2.5000000e-01   9.8352554e-01   8.7343471e-05             NaN
   3.0000000e-01   9.9615807e-01   7.5850909e-05             NaN
   3.5000000e-01   9.9725275e-01   0.0000000e+00             NaN
   4.0000000e-01   9.8024149e-01   8.7343471e-05             NaN
   1.5000000e-01   9.9780581e-01   6.8955372e-05             NaN
   2.0000000e-01   1.0000000e+00   2.7582149e-05             NaN
   2.5000000e-01   9.9286890e-01   5.9761322e-05             NaN
   3.0000000e-01   9.9780822e-01   4.5970248e-06             NaN
   3.5000000e-01   9.9670511e-01   4.5970248e-06             NaN
   4.0000000e-01   9.8518112e-01   7.1253884e-05             NaN
   1.5000000e-01   9.9395272e-01   1.8388099e-04             NaN
   2.0000000e-01   9.9890231e-01   2.2985124e-05             NaN
   2.5000000e-01   9.9505766e-01   1.7238843e-04             NaN
   3.0000000e-01   9.9780220e-01   1.1262711e-04             NaN
   3.5000000e-01   9.9835526e-01   4.5970248e-06             NaN
   4.0000000e-01   9.8352554e-01   1.9077653e-04             NaN
   1.5000000e-01   9.9232035e-01   3.6776198e-05             NaN
   2.0000000e-01   9.9890231e-01   6.8955372e-06             NaN
   2.5000000e-01   9.8296703e-01   1.4250777e-04             NaN
   3.0000000e-01   9.9615807e-01   2.7582149e-05             NaN
   3.5000000e-01   9.9780220e-01   6.8955372e-06             NaN
   4.0000000e-01   9.9396599e-01   6.8955372e-05             NaN
   1.5000000e-01   9.9890411e-01   6.2059835e-05             NaN
   2.0000000e-01   9.9890291e-01   9.1940496e-06             NaN
   2.5000000e-01   9.9067471e-01   1.8388099e-05             NaN
   3.0000000e-01   9.9560440e-01   4.1373223e-05             NaN
   3.5000000e-01   9.9725877e-01   0.0000000e+00             NaN
   4.0000000e-01   9.9396599e-01   9.8836033e-05             NaN
   1.5000000e-01   9.9506037e-01   1.6319438e-04             NaN
   2.0000000e-01   9.9835436e-01   2.2985124e-06             NaN
   2.5000000e-01   9.8846787e-01   1.3101521e-04             NaN
   3.0000000e-01   9.9670872e-01   2.2985124e-05             NaN
   3.5000000e-01   9.9835165e-01   9.1940496e-06             NaN
   4.0000000e-01   9.9012075e-01   1.1492562e-04             NaN
   1.5000000e-01   9.9616438e-01   3.2179174e-05             NaN
   2.0000000e-01   9.9835074e-01   2.2985124e-05             NaN
   2.5000000e-01   9.9561163e-01   1.1262711e-04             NaN
   3.0000000e-01   9.9835165e-01   8.5044959e-05             NaN
   3.5000000e-01   9.9890110e-01   6.8955372e-06             NaN
   4.0000000e-01   9.9121362e-01   1.5629884e-04             NaN
   1.5000000e-01   9.9065934e-01   1.0573157e-04             NaN
   2.0000000e-01   9.9945085e-01   3.6776198e-05             NaN
   2.5000000e-01   9.9176277e-01   1.3331372e-04             NaN
   3.0000000e-01   9.9395936e-01   1.6089587e-05             NaN
   3.5000000e-01   9.9835346e-01   0.0000000e+00             NaN
   4.0000000e-01   9.9175824e-01   2.4364231e-04             NaN
   1.5000000e-01   1.0000000e+00   1.5400033e-04             NaN
   2.0000000e-01   9.9835346e-01   0.0000000e+00             NaN
   2.5000000e-01   9.9285714e-01   1.3561223e-04             NaN
   3.0000000e-01   9.9835255e-01   3.2179174e-05             NaN
   3.5000000e-01   9.9780220e-01   1.3791074e-05             NaN
   4.0000000e-01   9.8739035e-01   2.9880661e-05             NaN
   1.5000000e-01   9.9835526e-01   3.4477686e-05             NaN
   2.0000000e-01   9.8627128e-01   1.7468694e-04             NaN
   2.5000000e-01   9.9341744e-01   7.1253884e-05             NaN
   3.0000000e-01   9.9780220e-01   1.6319438e-04             NaN
   3.5000000e-01   9.9835255e-01   2.2985124e-05             NaN
   4.0000000e-01   9.9121362e-01   2.1146314e-04             NaN
   1.5000000e-01   9.9451153e-01   5.2865785e-05             NaN
   2.0000000e-01   9.9835165e-01   7.8149422e-05             NaN
   2.5000000e-01   9.9725124e-01   3.4707537e-04             NaN
   3.0000000e-01   9.9233716e-01   0.0000000e+00             NaN
   3.5000000e-01   9.9725275e-01   1.1492562e-04             NaN
   4.0000000e-01   9.9177180e-01   1.5170182e-04             NaN
   1.5000000e-01   9.9505766e-01   6.4358347e-05             NaN
   2.0000000e-01   9.9835346e-01   4.5970248e-06             NaN
   2.5000000e-01   9.9231192e-01   6.8955372e-05             NaN
   3.0000000e-01   9.9340659e-01   8.5044959e-05             NaN
   3.5000000e-01   9.9560198e-01   8.2746446e-05             NaN
   4.0000000e-01   9.8518112e-01   4.8268760e-05             NaN
   1.5000000e-01   9.9835436e-01   6.8955372e-05             NaN
   2.0000000e-01   9.9835255e-01   4.3671736e-05             NaN
   2.5000000e-01   9.9231192e-01   1.9997058e-04             NaN
   3.0000000e-01   9.9560440e-01   4.3671736e-05             NaN
   3.5000000e-01   9.9725576e-01   1.3791074e-05             NaN
   4.0000000e-01   9.8462383e-01   1.7928397e-04             NaN
   1.5000000e-01   9.9451754e-01   2.2985124e-05             NaN
   2.0000000e-01   9.9945085e-01   1.6089587e-05             NaN
   2.5000000e-01   9.8956044e-01   1.7698546e-04             NaN
   3.0000000e-01   9.9725426e-01   8.0447934e-05             NaN
   3.5000000e-01   9.9395936e-01   3.4477686e-05             NaN
   4.0000000e-01   9.9560922e-01   6.8955372e-05             NaN
   1.5000000e-01   9.9232035e-01   1.3791074e-04             NaN
   2.0000000e-01   9.9945055e-01   5.9761322e-05             NaN
   2.5000000e-01   9.9121844e-01   7.8149422e-05             NaN
   3.0000000e-01   9.9450851e-01   2.2985124e-05             NaN
   3.5000000e-01   9.9615385e-01   3.2179174e-05             NaN
   4.0000000e-01   9.7968149e-01   2.2295570e-04             NaN
   1.5000000e-01   9.9890170e-01   2.6662744e-04             NaN
   2.0000000e-01   9.9835436e-01   6.8955372e-06             NaN
   2.5000000e-01   9.9341744e-01   1.1262711e-04             NaN
   3.0000000e-01   9.9725426e-01   9.1940496e-06             NaN
   3.5000000e-01   9.9780340e-01   9.1940496e-06             NaN
   4.0000000e-01   9.9504950e-01   9.8146480e-04             NaN
   1.5000000e-01   9.9835255e-01   6.6656860e-05             NaN
   2.0000000e-01   9.9945115e-01   4.5970248e-06             NaN
   2.5000000e-01   9.9560198e-01   4.1143372e-04             NaN
   3.0000000e-01   9.9780340e-01   5.5164298e-05             NaN
   3.5000000e-01   9.9725727e-01   9.1940496e-06             NaN
   4.0000000e-01   9.9395604e-01   2.5973190e-04             NaN
   1.5000000e-01   9.9835074e-01   1.0343306e-04             NaN
   2.0000000e-01   9.9890411e-01   2.2985124e-06             NaN
   2.5000000e-01   9.9890411e-01   8.7343471e-05             NaN
   3.0000000e-01   9.9615807e-01   2.2985124e-06             NaN
   3.5000000e-01   9.9835436e-01   0.0000000e+00             NaN
   4.0000000e-01   9.8517298e-01   8.7343471e-05             NaN
   1.5000000e-01   9.9670872e-01   4.1373223e-05             NaN
   2.0000000e-01   9.9451153e-01   1.8388099e-05             NaN
   2.5000000e-01   9.9121362e-01   1.2871669e-04             NaN
   3.0000000e-01   9.9779978e-01   4.7579207e-04             NaN
   3.5000000e-01   9.9780461e-01   1.3791074e-05             NaN
   4.0000000e-01   9.9395604e-01   1.3561223e-04             NaN
   1.5000000e-01   9.9615173e-01   1.9537355e-04             NaN
   2.0000000e-01   9.9890291e-01   0.0000000e+00             NaN
   2.5000000e-01   9.7364086e-01   2.8271703e-04             NaN
   3.0000000e-01   9.9670330e-01   4.3671736e-05             NaN
   3.5000000e-01   9.9725576e-01   2.2985124e-06             NaN
   4.0000000e-01   9.8845520e-01   3.0570215e-04             NaN
   1.5000000e-01   9.9945025e-01   1.8617950e-04             NaN
   2.0000000e-01   9.9945115e-01   6.8955372e-06             NaN
   2.5000000e-01   9.8627128e-01   1.3791074e-04             NaN
   3.0000000e-01   9.9780340e-01   4.1373223e-05             NaN
   3.5000000e-01   9.9725275e-01   2.0686612e-05             NaN
   4.0000000e-01   9.8792536e-01   5.5164298e-05             NaN
   1.5000000e-01   9.9890110e-01   2.7352298e-04             NaN
   2.0000000e-01   9.9890291e-01   2.2985124e-06             NaN
   2.5000000e-01   9.8131868e-01   2.2065719e-04             NaN
   3.0000000e-01   9.9670511e-01   1.5170182e-04             NaN
   3.5000000e-01   9.9780581e-01   4.5970248e-06             NaN
   4.0000000e-01   9.8847420e-01   9.1940496e-05             NaN
   1.5000000e-01   9.9560440e-01   1.6779141e-04             NaN
   2.0000000e-01   9.4353070e-01   1.6089587e-04             NaN
   2.5000000e-01   9.8955470e-01   3.2179174e-04             NaN
   3.0000000e-01   9.9506308e-01   2.0686612e-05             NaN
   3.5000000e-01   9.9890170e-01   2.2985124e-06             NaN
   4.0000000e-01   9.9067471e-01   1.1492562e-04             NaN
   1.5000000e-01   9.9725576e-01   6.4358347e-05             NaN
   2.0000000e-01   9.9945085e-01   6.4358347e-05             NaN
   2.5000000e-01   9.8406593e-01   1.1492562e-04             NaN
   3.0000000e-01   9.9671233e-01   2.2985124e-06             NaN
   3.5000000e-01   9.9835165e-01   9.1940496e-06             NaN
   4.0000000e-01   9.8081140e-01   5.2865785e-05             NaN
   1.5000000e-01   9.9780702e-01   2.5283636e-05             NaN
   2.0000000e-01   9.9835346e-01   1.6089587e-05             NaN
   2.5000000e-01   9.9670330e-01   2.2525422e-04             NaN
   3.0000000e-01   9.9560440e-01   3.4477686e-05             NaN
   3.5000000e-01   9.9835165e-01   9.4239009e-05             NaN
   4.0000000e-01   9.8629386e-01   5.0567273e-05             NaN
   1.5000000e-01   9.9670148e-01   1.9997058e-04             NaN
   2.0000000e-01   9.9725576e-01   2.2985124e-06             NaN
   2.5000000e-01   9.9232877e-01   4.8268760e-05             NaN
   3.0000000e-01   9.9561163e-01   9.1940496e-06             NaN
   3.5000000e-01   9.9671053e-01   4.5970248e-06             NaN
   4.0000000e-01   9.9230769e-01   2.8041851e-04             NaN
   1.5000000e-01   9.9835255e-01   7.8149422e-05             NaN
   2.0000000e-01   9.9725275e-01   0.0000000e+00             NaN
   2.5000000e-01   9.8958333e-01   6.8955372e-05             NaN
   3.0000000e-01   9.9780340e-01   2.7582149e-05             NaN
   3.5000000e-01   9.9780220e-01   6.6656860e-05             NaN
   4.0000000e-01   9.8792536e-01   9.4239009e-05             NaN
   1.5000000e-01   9.9780340e-01   1.0803008e-04             NaN
   2.0000000e-01   9.9670872e-01   2.2985124e-06             NaN
   2.5000000e-01   9.8903509e-01   4.3671736e-05             NaN
   3.0000000e-01   9.9725877e-01   9.1940496e-06             NaN
   3.5000000e-01   9.9945115e-01   1.3791074e-05             NaN
   4.0000000e-01   9.9232035e-01   1.1262711e-04             NaN
   1.5000000e-01   9.9450851e-01   1.4940331e-04             NaN
   2.0000000e-01   9.9780461e-01   2.2985124e-05             NaN
   2.5000000e-01   9.7472527e-01   1.5629884e-04             NaN
   3.0000000e-01   9.9725576e-01   5.9761322e-05             NaN
   3.5000000e-01   9.9835346e-01   4.1373223e-05             NaN
   4.0000000e-01   9.7252747e-01   1.1262711e-04             NaN
   1.5000000e-01   9.9945175e-01   7.3552397e-05             NaN
   2.0000000e-01   9.9890049e-01   2.2985124e-05             NaN
   2.5000000e-01   9.9012617e-01   7.1253884e-05             NaN
   3.0000000e-01   9.9890231e-01   2.9880661e-05             NaN
   3.5000000e-01   9.9780099e-01   1.6089587e-05             NaN
   4.0000000e-01   9.8736264e-01   3.5856793e-04             NaN
   1.5000000e-01   9.9890170e-01   1.2871669e-04             NaN
   2.0000000e-01   9.9890231e-01   2.0686612e-05             NaN
   2.5000000e-01   9.8627128e-01   8.0447934e-05             NaN
   3.0000000e-01   9.9011532e-01   9.8836033e-05             NaN
   3.5000000e-01   9.9725275e-01   1.1492562e-05             NaN
   4.0000000e-01   9.9286107e-01   1.7008992e-04             NaN
   1.5000000e-01   9.9286498e-01   8.2746446e-05             NaN
   2.0000000e-01   9.9780220e-01   4.5970248e-06             NaN
   2.5000000e-01   9.9505766e-01   1.5170182e-04             NaN
   3.0000000e-01   9.9780220e-01   7.8149422e-05             NaN
   3.5000000e-01   9.9780581e-01   6.8955372e-06             NaN
   4.0000000e-01   9.9285714e-01   2.2295570e-04             NaN
   1.5000000e-01   9.9835074e-01   4.1603074e-04             NaN
   2.0000000e-01   9.9670872e-01   1.8388099e-05             NaN
   2.5000000e-01   9.9341383e-01   1.2182116e-04             NaN
   3.0000000e-01   9.9725576e-01   1.6089587e-05             NaN
   3.5000000e-01   9.9835255e-01   2.2985124e-06             NaN
   4.0000000e-01   9.9505495e-01   1.5170182e-04             NaN
   1.5000000e-01   9.9835436e-01   9.6537521e-05             NaN
   2.0000000e-01   9.9504950e-01   0.0000000e+00             NaN
   2.5000000e-01   9.9670692e-01   1.1032860e-04             NaN
   3.0000000e-01   9.9780581e-01   1.6089587e-05             NaN
   3.5000000e-01   9.9231614e-01   2.2985124e-06             NaN
   4.0000000e-01   9.9395936e-01   1.1722413e-04             NaN
   1.5000000e-01   9.9560440e-01   2.4134380e-04             NaN
   2.0000000e-01   9.9725426e-01   9.1940496e-06             NaN
   2.5000000e-01   9.9614961e-01   3.5856793e-04             NaN
   3.0000000e-01   9.9615807e-01   8.0447934e-05             NaN
   3.5000000e-01   9.9670692e-01   6.8955372e-06             NaN
   4.0000000e-01   9.9065934e-01   2.8271703e-04             NaN
   1.5000000e-01   9.9560681e-01   1.1952264e-04             NaN
   2.0000000e-01   9.9945115e-01   1.6089587e-05             NaN
   2.5000000e-01   9.8956617e-01   1.3331372e-04             NaN
   3.0000000e-01   9.9450851e-01   1.8388099e-05             NaN
   3.5000000e-01   9.9780461e-01   2.2985124e-06             NaN
   4.0000000e-01   9.9505766e-01   7.5850909e-05             NaN
   1.5000000e-01   9.9725727e-01   2.9880661e-05             NaN
   2.0000000e-01   9.9890110e-01   0.0000000e+00             NaN
   2.5000000e-01   9.8681319e-01   2.2985124e-05             NaN
   3.0000000e-01   9.9670148e-01   1.2871669e-04             NaN
   3.5000000e-01   9.9725275e-01   2.2985124e-06             NaN
   4.0000000e-01   9.9450247e-01   6.4818050e-04             NaN
   1.5000000e-01   9.9395604e-01   1.5629884e-04             NaN
   2.0000000e-01   9.9890170e-01   0.0000000e+00             NaN
   2.5000000e-01   9.8739726e-01   4.3671736e-05             NaN
   3.0000000e-01   9.9670511e-01   2.2985124e-05             NaN
   3.5000000e-01   9.9725727e-01   0.0000000e+00             NaN
   4.0000000e-01   9.9725426e-01   1.2411967e-04             NaN
   1.5000000e-01   9.9835346e-01   7.8149422e-05             NaN
   2.0000000e-01   9.9725426e-01   1.1492562e-05             NaN
   2.5000000e-01   9.8792536e-01   2.5283636e-05             NaN
   3.0000000e-01   9.9450851e-01   5.5164298e-05             NaN
   3.5000000e-01   9.9835436e-01   1.8388099e-05             NaN
   4.0000000e-01   9.9725727e-01   1.1032860e-04             NaN
   1.5000000e-01   9.9890291e-01   9.4239009e-05             NaN
   2.0000000e-01   9.9835346e-01   4.1373223e-05             NaN
   2.5000000e-01   9.9725727e-01   1.6089587e-05             NaN
   3.0000000e-01   9.9670872e-01   4.5970248e-06             NaN
   3.5000000e-01   9.9835346e-01   6.8955372e-06             NaN
   4.0000000e-01   9.9229923e-01   9.8836033e-04             NaN
   1.5000000e-01   9.9890170e-01   2.2295570e-04             NaN
   2.0000000e-01   9.9890110e-01   1.1722413e-04             NaN
   2.5000000e-01   9.9451153e-01   3.4477686e-05             NaN
   3.0000000e-01   9.9780702e-01   9.1940496e-06             NaN
   3.5000000e-01   9.9835165e-01   1.3791074e-05             NaN
   4.0000000e-01   9.9835436e-01   9.8836033e-05             NaN
   1.5000000e-01   9.9615807e-01   6.8955372e-05             NaN
   2.0000000e-01   9.9945115e-01   1.3791074e-05             NaN
   2.5000000e-01   9.8626374e-01   1.9767207e-04             NaN
   3.0000000e-01   9.9615596e-01   2.0686612e-05             NaN
   3.5000000e-01   9.9780099e-01   2.0686612e-05             NaN
   4.0000000e-01   9.9177180e-01   7.8149422e-05             NaN
   1.5000000e-01   9.9013158e-01   5.9761322e-05             NaN
   2.0000000e-01   9.9890231e-01   2.2985124e-05             NaN
   2.5000000e-01   9.9120879e-01   1.3101521e-04             NaN
   3.0000000e-01   9.9780702e-01   3.9074711e-05             NaN
   3.5000000e-01   9.9780581e-01   1.1492562e-05             NaN
   4.0000000e-01   9.7965915e-01   1.0803008e-04             NaN
   1.5000000e-01   9.9945055e-01   1.7468694e-04             NaN
   2.0000000e-01   9.9725426e-01   3.6776198e-05             NaN
   2.5000000e-01   9.9670692e-01   1.4020926e-04             NaN
   3.0000000e-01   9.9670872e-01   6.8955372e-06             NaN
   3.5000000e-01   9.9616018e-01   2.7582149e-05             NaN
   4.0000000e-01   9.8299506e-01   2.7582149e-05             NaN
   1.5000000e-01   9.9616018e-01   1.4020926e-04             NaN
   2.0000000e-01   9.9945115e-01   2.7582149e-05             NaN
   2.5000000e-01   9.6814937e-01   2.5053785e-04             NaN
   3.0000000e-01   9.9670511e-01   3.2179174e-05             NaN
   3.5000000e-01   9.9725576e-01   6.8955372e-06             NaN
   4.0000000e-01   9.9341021e-01   2.3444827e-04             NaN
   1.5000000e-01   9.9011532e-01   5.7462810e-05             NaN
   2.0000000e-01   9.9835346e-01   4.5970248e-06             NaN
   2.5000000e-01   9.8407468e-01   5.2865785e-05             NaN
   3.0000000e-01   9.9725275e-01   5.9761322e-05             NaN
   3.5000000e-01   9.9835165e-01   2.5283636e-05             NaN
   4.0000000e-01   9.9561404e-01   6.2059835e-05             NaN
   1.5000000e-01   9.9835074e-01   2.6432893e-04             NaN
   2.0000000e-01   9.9890351e-01   1.1492562e-05             NaN
   2.5000000e-01   9.9725426e-01   2.1606017e-04             NaN
   3.0000000e-01   9.9670330e-01   2.9880661e-05             NaN
   3.5000000e-01   9.9725576e-01   0.0000000e+00             NaN
   4.0000000e-01   9.8791873e-01   3.1259769e-04             NaN
   1.5000000e-01   9.9670692e-01   8.9641984e-05             NaN
   2.0000000e-01   9.9780461e-01   3.2179174e-05             NaN
   2.5000000e-01   9.9560440e-01   1.8847802e-04             NaN
   3.0000000e-01   9.9561163e-01   1.1492562e-05             NaN
   3.5000000e-01   9.9835346e-01   0.0000000e+00             NaN
   4.0000000e-01   9.8189797e-01   7.1253884e-05             NaN
   1.5000000e-01   9.9780581e-01   3.4477686e-05             NaN
   2.0000000e-01   9.9945055e-01   1.6089587e-04             NaN
   2.5000000e-01   9.9560922e-01   1.9537355e-04             NaN
   3.0000000e-01   9.9780340e-01   2.2985124e-05             NaN
   3.5000000e-01   9.9835346e-01   1.3791074e-05             NaN
   4.0000000e-01   9.9121844e-01   1.3791074e-04             NaN
   1.5000000e-01   9.9780220e-01   5.5164298e-05             NaN
   2.0000000e-01   9.9890170e-01   1.1492562e-05             NaN
   2.5000000e-01   9.9396599e-01   5.2865785e-05             NaN
   3.0000000e-01   9.9122326e-01   1.6089587e-05             NaN
   3.5000000e-01   9.9835074e-01   1.3561223e-04             NaN
   4.0000000e-01   9.9835074e-01   6.3209091e-04             NaN
   1.5000000e-01   9.9945115e-01   1.3101521e-04             NaN
   2.0000000e-01   9.9835616e-01   6.8955372e-06             NaN
   2.5000000e-01   9.8300439e-01   5.2865785e-05             NaN
   3.0000000e-01   9.9670692e-01   2.0686612e-05             NaN
   3.5000000e-01   9.9835436e-01   4.5970248e-06             NaN
   4.0000000e-01   9.9066959e-01   1.1262711e-04             NaN
   1.5000000e-01   9.8630137e-01   4.5970248e-05             NaN
   2.0000000e-01   9.9670330e-01   1.8388099e-05             NaN
   2.5000000e-01   9.6263736e-01   6.4358347e-05             NaN
   3.0000000e-01   9.9835346e-01   5.2865785e-05             NaN
   3.5000000e-01   9.9890170e-01   2.2985124e-06             NaN
   4.0000000e-01   9.9231192e-01   9.8836033e-05             NaN
   1.5000000e-01   9.9835074e-01   3.3328430e-04             NaN
   2.0000000e-01   9.9121844e-01   3.9074711e-05             NaN
   2.5000000e-01   9.9286498e-01   1.0343306e-04             NaN
   3.0000000e-01   9.9780340e-01   1.0343306e-04             NaN
   3.5000000e-01   9.9670330e-01   2.0686612e-05             NaN
   4.0000000e-01   9.9286498e-01   1.2871669e-04             NaN
   1.5000000e-01   9.9396599e-01   5.9761322e-05             NaN
   2.0000000e-01   9.9725727e-01   0.0000000e+00             NaN
   2.5000000e-01   9.8848053e-01   5.5164298e-05             NaN
   3.0000000e-01   9.9780461e-01   6.8955372e-06             NaN
   3.5000000e-01   9.9725727e-01   2.2985124e-06             NaN
   4.0000000e-01   9.8297639e-01   1.3331372e-04             NaN
   1.5000000e-01   9.9231614e-01   1.5170182e-04             NaN
   2.0000000e-01   9.9890170e-01   4.5970248e-06             NaN
   2.5000000e-01   9.9450851e-01   1.2641818e-04             NaN
   3.0000000e-01   9.9835346e-01   6.8955372e-06             NaN
   3.5000000e-01   9.9835255e-01   0.0000000e+00             NaN
   4.0000000e-01   9.8351648e-01   1.8847802e-04             NaN
   1.5000000e-01   9.9835436e-01   3.2179174e-05             NaN
   2.0000000e-01   9.9945055e-01   4.8268760e-05             NaN
   2.5000000e-01   9.8955470e-01   1.1722413e-04             NaN
   3.0000000e-01   9.9725275e-01   4.5970248e-05             NaN
   3.5000000e-01   9.9835346e-01   9.1940496e-06             NaN
   4.0000000e-01   9.9615596e-01   1.5400033e-04             NaN
